ppoi 6 6 2 200 100
sched 200 100
r 0 200 3 3 3 3
r 1 198 2 3 3
r 2 95 1 1
r 3 194 3 3 3 3
r 4 377 1 1
r 5 109 1 0
r 6 192 1 5
r 7 488 2 4 4
r 8 486 3 5 5 5
r 9 207 2 1 1
r 10 287 2 3 3
r 11 95 2 1 1
r 12 493 2 1 1
r 13 210 3 5 5 5
r 14 189 3 1 1 1
r 15 296 3 3 3 3
r 16 94 1 0
r 17 206 2 1 1
r 18 376 1 0
r 19 112 2 5 5
r 20 184 3 1 1 1
r 21 104 3 1 1 1
r 22 188 3 3 3 3
r 23 473 2 1 1
r 24 493 3 3 3 3
r 25 292 2 3 3
r 26 495 3 3 3 3
r 27 475 3 3 3 3
r 28 207 2 1 1
r 29 205 3 4 4 4
r 30 101 3 1 1 1
r 31 297 3 1 1 1
r 32 103 2 3 3
r 33 379 1 1
r 34 205 1 1
r 35 201 1 0
r 36 102 1 0
r 37 191 2 3 3
r 38 376 3 3 3 3
r 39 502 2 3 3
r 40 481 1 3
r 41 376 2 3 3
r 42 196 1 0
r 43 105 3 1 1 1
r 44 188 3 6 6 6
r 45 477 1 3
r 46 381 2 3 3
r 47 197 2 1 1
r 48 384 3 1 1 1
r 49 380 3 5 5 5
r 50 107 3 3 3 3
r 51 184 1 0
r 52 196 1 1
r 53 394 2 1 1
r 54 286 3 1 1 1
r 55 110 2 5 5
r 56 398 1 3
r 57 478 2 3 3
r 58 90 2 1 1
r 59 498 1 1
r 60 496 2 4 4
r 61 381 2 1 1
r 62 208 1 0
r 63 282 1 0
r 64 376 1 3
r 65 185 3 3 3 3
r 66 376 2 1 1
r 67 395 1 3
r 68 106 3 1 1 1
r 69 290 2 3 3
r 70 392 1 1
r 71 383 1 3
r 72 100 3 1 1 1
r 73 392 3 3 3 3
r 74 487 3 3 3 3
r 75 383 1 1
r 76 196 3 5 5 5
r 77 100 2 3 3
r 78 389 3 6 6 6
r 79 481 1 3
r 80 94 1 1
r 81 478 2 1 1
r 82 385 1 0
r 83 376 3 5 5 5
r 84 472 3 5 5 5
r 85 281 3 1 1 1
r 86 498 3 1 1 1
r 87 299 1 0
r 88 295 1 1
r 89 396 3 4 4 4
r 90 487 2 3 3
r 91 293 2 3 3
r 92 105 1 1
r 93 102 1 1
r 94 304 3 1 1 1
r 95 288 1 3
r 96 89 1 3
r 97 110 2 3 3
r 98 396 3 1 1 1
r 99 387 1 1
r 100 385 1 3
r 101 92 2 3 3
r 102 491 1 0
r 103 384 1 1
r 104 493 2 3 3
r 105 95 2 3 3
r 106 382 2 3 3
r 107 206 1 3
r 108 283 3 5 5 5
r 109 490 3 1 1 1
r 110 106 2 3 3
r 111 483 2 3 3
r 112 382 1 0
r 113 472 3 3 3 3
r 114 394 1 0
r 115 297 1 1
r 116 390 2 1 1
r 117 484 3 5 5 5
r 118 198 2 1 1
r 119 402 2 1 1
r 120 298 3 1 1 1
r 121 100 1 3
r 122 475 2 3 3
r 123 210 2 3 3
r 124 98 1 3
r 125 194 3 3 3 3
r 126 394 3 5 5 5
r 127 193 2 3 3
r 128 194 2 4 4
r 129 294 2 1 1
r 130 280 1 1
r 131 200 2 3 3
r 132 288 1 1
r 133 395 3 3 3 3
r 134 110 1 1
r 135 280 2 3 3
r 136 489 3 3 3 3
r 137 91 3 1 1 1
r 138 184 3 5 5 5
r 139 378 3 4 4 4
r 140 297 1 3
r 141 204 3 1 1 1
r 142 199 2 3 3
r 143 387 1 3
r 144 387 2 3 3
r 145 90 3 5 5 5
r 146 387 1 1
r 147 184 3 3 3 3
r 148 101 1 1
r 149 303 2 1 1
r 150 188 2 4 4
r 151 404 3 1 1 1
r 152 379 3 6 6 6
r 153 102 2 3 3
r 154 497 1 0
r 155 202 1 4
r 156 399 1 3
r 157 376 1 3
r 158 390 2 3 3
r 159 393 3 1 1 1
r 160 480 1 0
r 161 199 2 4 4
r 162 288 1 1
r 163 202 3 3 3 3
r 164 194 2 1 1
r 165 485 1 1
r 166 93 1 3
r 167 473 2 1 1
r 168 497 3 3 3 3
r 169 383 3 5 5 5
r 170 399 2 3 3
r 171 387 3 1 1 1
r 172 388 2 1 1
r 173 472 3 1 1 1
r 174 482 3 1 1 1
r 175 98 1 3
r 176 295 1 0
r 177 290 2 4 4
r 178 386 1 3
r 179 484 2 1 1
r 180 96 1 3
r 181 479 1 1
r 182 376 3 1 1 1
r 183 190 3 3 3 3
r 184 479 1 1
r 185 186 3 1 1 1
r 186 193 3 1 1 1
r 187 93 2 1 1
r 188 300 3 3 3 3
r 189 94 2 1 1
r 190 482 2 1 1
r 191 108 3 1 1 1
r 192 390 3 3 3 5
r 193 391 2 3 3
r 194 399 2 1 1
r 195 111 2 1 1
r 196 113 3 6 6 6
r 197 90 2 1 1
r 198 201 3 5 5 5
r 199 380 1 3
a 0 1627 1 3
a 1 861 1 5
a 2 771 3 4 4 4
a 3 1539 2 1 1
a 4 491 3 6 6 6
a 5 1624 2 1 1
a 6 376 1 5
a 7 1072 3 1 1 1
a 8 1171 2 5 5
a 9 977 2 1 1
a 10 1057 2 3 3
a 11 764 1 3
a 12 558 3 3 3 3
a 13 1733 2 4 4
a 14 764 3 3 3 3
a 15 2218 2 1 1
a 16 1626 3 3 3 3
a 17 1895 2 1 1
a 18 1532 1 1
a 19 197 2 6 6
a 20 856 3 4 4 4
a 21 1073 1 3
a 22 185 1 1
a 23 1730 1 1
a 24 1348 3 1 1 1
a 25 488 3 4 4 5
a 26 95 2 3 3
a 27 302 3 4 4 4
a 28 1894 3 1 1 1
a 29 192 2 5 5
a 30 496 1 4
a 31 95 2 3 3
a 32 1170 3 3 3 3
a 33 1166 3 1 1 1
a 34 397 3 5 5 5
a 35 295 2 5 5
a 36 1455 2 1 1
a 37 376 1 1
a 38 1161 3 6 6 6
a 39 1160 2 1 1
a 40 1450 3 6 6 6
a 41 874 2 1 1
a 42 863 1 5
a 43 1164 2 4 4
a 44 1833 2 3 3
a 45 376 1 3
a 46 1449 3 4 4 4
a 47 301 3 3 3 3
a 48 1438 3 4 4 4
a 49 682 1 0
a 50 1628 1 3
a 51 1261 2 1 1
a 52 2124 1 1
a 53 1025 3 1 1 1
a 54 1435 2 3 3
a 55 1842 2 1 1
a 56 973 3 3 3 3
a 57 558 3 1 1 1
a 58 195 1 4
a 59 765 3 5 5 5
a 60 1890 1 1
a 61 1455 2 1 1
a 62 1747 3 1 1 1
a 63 1444 2 5 5
a 64 1823 1 5
a 65 1438 3 5 5 5
a 66 1446 2 5 5
a 67 1438 3 5 5 5
a 68 763 3 6 6 6
a 69 2118 2 4 4
a 70 1454 2 3 3
a 71 1444 1 3
a 72 202 2 1 1
a 73 1743 2 3 3
a 74 976 3 1 1 1
a 75 679 1 1
a 76 1063 1 5
a 77 2216 1 1
a 78 1840 3 5 5 5
a 79 2125 3 4 4 4
a 80 2124 3 3 3 3
a 81 2118 3 3 3 3
a 82 502 1 0
a 83 188 1 1
a 84 956 3 1 1 1
a 85 1631 1 4
a 86 880 2 3 3
a 87 1445 2 6 6
a 88 292 2 4 4
a 89 1825 3 4 4 4
a 90 93 3 5 5 5
a 91 190 1 5
a 92 764 1 1
a 93 568 3 1 1 1
a 94 1448 2 3 3
a 95 94 3 4 4 4
a 96 1531 1 1
a 97 498 3 5 5 5
a 98 1452 2 6 6
a 99 400 2 3 3
c 0 0 2
c 0 3 2
c 0 4 2
c 0 6 0
c 0 8 0
c 0 10 0
c 0 28 2
c 0 30 2
c 0 31 2
c 0 32 2
c 0 33 2
c 0 34 2
c 0 35 2
c 0 37 2
c 0 87 0
c 0 90 0
c 0 92 0
c 0 93 0
c 0 97 0
c 0 99 0
c 0 102 0
c 0 103 0
c 0 122 2
c 0 123 2
c 0 126 2
c 0 127 2
c 0 128 2
c 0 129 2
c 0 130 2
c 0 131 2
c 0 162 0
c 0 163 0
c 0 164 0
c 0 165 0
c 0 166 0
c 0 167 0
c 0 168 0
c 0 169 0
c 0 171 2
c 0 172 2
c 0 173 2
c 0 174 2
c 0 176 0
c 0 177 0
c 0 178 0
c 0 179 0
c 0 196 2
c 0 203 0
c 0 214 2
c 0 215 2
c 0 217 0
c 0 218 0
c 0 222 2
c 0 223 2
c 0 224 2
c 0 225 2
c 0 226 2
c 0 227 2
c 0 228 2
c 0 229 2
c 0 245 0
c 0 247 0
c 0 252 0
c 0 253 0
c 0 254 0
c 0 255 0
c 0 258 0
c 0 261 0
c 0 267 2
c 0 268 2
c 0 271 2
c 0 276 2
c 0 283 2
c 0 284 2
c 0 285 2
c 0 294 0
c 0 295 2
c 0 298 0
c 0 301 0
c 0 305 0
c 0 307 0
c 0 308 0
c 0 309 0
c 0 310 0
c 0 312 2
c 0 313 2
c 0 314 0
c 0 315 0
c 0 317 2
c 0 318 2
c 0 319 2
c 0 320 2
c 0 321 2
c 0 322 2
c 0 323 2
c 0 328 2
c 0 345 0
c 0 348 0
c 0 350 0
c 0 353 0
c 0 354 0
c 0 355 0
c 0 356 0
c 0 357 0
c 0 361 2
c 0 363 2
c 0 364 2
c 0 365 2
c 0 366 0
c 0 367 0
c 0 368 2
c 0 369 2
c 0 371 2
c 0 374 0
c 0 376 0
c 0 382 2
c 0 386 0
c 0 388 0
c 0 389 0
c 0 390 2
c 0 392 2
c 0 398 0
c 0 400 0
c 0 402 0
c 0 414 2
c 0 415 2
c 0 416 2
c 0 417 2
c 0 418 2
c 0 419 2
c 0 420 2
c 0 421 2
c 0 438 0
c 0 440 0
c 0 441 0
c 0 442 0
c 0 443 0
c 0 448 0
c 0 449 0
c 0 450 0
c 0 459 2
c 0 460 2
c 0 462 2
c 0 464 2
c 0 465 2
c 0 466 2
c 0 467 2
c 0 473 0
c 0 478 2
c 0 479 2
c 0 483 0
c 0 491 2
c 0 492 0
c 0 495 0
c 0 496 0
c 0 497 0
c 0 500 0
c 0 501 0
c 0 502 0
c 0 503 0
c 0 512 2
c 0 513 2
c 0 514 2
c 0 515 2
c 0 516 2
c 0 517 2
c 0 518 2
c 0 519 2
c 0 548 0
c 0 549 0
c 0 552 2
c 0 553 2
c 0 558 0
c 0 559 0
c 0 560 0
c 0 561 0
c 0 564 2
c 0 565 2
c 0 566 0
c 0 567 0
c 0 568 0
c 0 569 0
c 0 570 0
c 0 572 0
c 0 574 2
c 0 576 2
c 0 577 2
c 0 578 2
c 0 581 2
c 0 582 2
c 0 583 2
c 0 584 0
c 0 588 2
c 0 590 0
c 0 591 0
c 0 592 0
c 0 593 0
c 0 594 0
c 0 595 0
c 0 596 0
c 0 604 2
c 0 606 2
c 0 607 2
c 0 608 2
c 0 609 2
c 0 610 2
c 0 611 2
c 0 612 2
c 0 636 0
c 0 638 0
c 0 639 0
c 0 640 0
c 0 641 0
c 0 642 0
c 0 643 0
c 0 649 2
c 0 650 2
c 0 651 2
c 0 652 2
c 0 653 2
c 0 655 2
c 0 656 2
c 0 662 0
c 0 663 0
c 0 664 2
c 0 665 2
c 0 668 0
c 0 669 0
c 0 672 0
c 0 674 2
c 0 675 2
c 0 677 0
c 0 678 0
c 0 679 0
c 0 681 0
c 0 682 0
c 0 683 0
c 0 684 0
c 0 687 2
c 0 689 2
c 0 690 0
c 0 691 0
c 0 702 2
c 0 703 2
c 0 704 2
c 0 705 2
c 0 706 2
c 0 707 2
c 0 708 2
c 0 709 2
c 0 732 0
c 0 735 0
c 0 737 0
c 0 738 0
c 0 739 0
c 0 741 0
c 0 742 0
c 0 743 0
c 0 746 2
c 0 748 2
c 0 750 0
c 0 751 0
c 0 752 2
c 0 753 2
c 0 754 2
c 0 756 0
c 0 757 0
c 0 765 0
c 0 783 2
c 0 784 2
c 0 788 0
c 0 789 0
c 0 793 2
c 0 794 2
c 0 795 2
c 0 797 2
c 0 798 2
c 0 799 2
c 0 800 2
c 0 801 2
c 0 829 0
c 0 830 0
c 0 831 0
c 0 832 0
c 0 834 0
c 0 835 0
c 0 839 0
c 0 845 2
c 0 846 0
c 0 847 0
c 0 848 2
c 0 849 2
c 0 851 0
c 0 853 0
c 0 877 2
c 0 882 2
c 0 883 2
c 0 890 2
c 0 892 2
c 0 894 2
c 0 895 2
c 0 896 2
c 0 910 0
c 0 912 2
c 0 920 0
c 0 921 0
c 0 922 0
c 0 923 0
c 0 924 0
c 0 925 0
c 0 926 0
c 0 927 0
c 0 942 2
c 0 943 2
c 0 944 2
c 0 945 2
c 0 946 2
c 0 947 2
c 0 952 0
c 0 953 0
c 0 955 0
c 0 957 0
c 0 958 0
c 0 961 2
c 0 968 0
c 0 969 0
c 0 980 2
c 0 981 2
c 0 982 2
c 0 983 2
c 0 984 2
c 0 985 2
c 0 988 0
c 0 991 0
c 0 992 2
c 0 993 2
c 0 994 2
c 0 995 2
c 0 1018 0
c 0 1019 0
c 0 1022 0
c 0 1023 2
c 0 1024 0
c 0 1025 0
c 0 1026 0
c 0 1027 0
c 0 1028 0
c 0 1031 0
c 0 1041 2
c 0 1042 2
c 0 1043 2
c 0 1044 2
c 0 1045 0
c 0 1047 0
c 0 1048 2
c 0 1054 2
c 0 1057 2
c 0 1067 2
c 0 1069 2
c 0 1070 0
c 0 1075 0
c 0 1077 0
c 0 1082 2
c 0 1084 2
c 0 1086 2
c 0 1087 2
c 0 1088 0
c 0 1090 0
c 0 1091 0
c 0 1092 2
c 0 1093 2
c 0 1102 0
c 0 1104 0
c 0 1105 0
c 0 1106 2
c 0 1107 0
c 0 1108 2
c 0 1109 2
c 0 1110 2
c 0 1111 2
c 0 1113 0
c 0 1114 0
c 0 1115 0
c 0 1116 0
c 0 1117 0
c 0 1119 0
c 0 1121 0
c 0 1123 2
c 0 1124 0
c 0 1125 0
c 0 1135 2
c 0 1136 2
c 0 1137 2
c 0 1138 2
c 0 1139 2
c 0 1140 2
c 0 1144 2
c 0 1145 0
c 0 1146 2
c 0 1147 2
c 0 1150 0
c 0 1152 0
c 0 1153 0
c 0 1157 0
c 0 1158 0
c 0 1164 0
c 0 1173 0
c 0 1175 0
c 0 1184 2
c 0 1185 2
c 0 1186 2
c 0 1187 2
c 0 1188 2
c 0 1189 2
c 0 1191 2
c 0 1194 0
c 0 1195 0
c 0 1197 2
c 0 1198 0
c 0 1199 0
c 0 1200 2
c 0 1201 2
c 0 1203 0
c 0 1204 2
c 0 1207 2
c 0 1209 0
c 0 1212 0
c 0 1213 0
c 0 1214 0
c 0 1215 0
c 0 1218 0
c 0 1220 2
c 0 1221 2
c 0 1222 2
c 0 1224 2
c 0 1226 2
c 0 1227 2
c 0 1228 2
c 0 1250 0
c 0 1252 0
c 0 1253 0
c 0 1254 0
c 0 1255 0
c 0 1256 0
c 0 1257 0
c 0 1258 2
c 0 1260 2
c 0 1261 2
c 0 1262 0
c 0 1263 0
c 0 1264 0
c 0 1265 0
c 0 1277 2
c 0 1279 2
c 0 1281 2
c 0 1282 2
c 0 1283 2
c 0 1284 2
c 0 1285 2
c 0 1287 2
c 0 1310 0
c 0 1316 0
c 0 1317 0
c 0 1318 0
c 0 1319 0
c 0 1320 0
c 0 1321 2
c 0 1323 2
c 0 1326 2
c 0 1328 0
c 0 1330 0
c 0 1331 0
c 0 1333 2
c 0 1334 2
c 0 1336 0
c 0 1337 2
c 0 1338 0
c 0 1339 0
c 0 1340 2
c 0 1341 2
c 0 1342 0
c 0 1343 0
c 0 1344 2
c 0 1346 0
c 0 1347 2
c 0 1348 2
c 0 1350 0
c 0 1351 0
c 0 1352 0
c 0 1353 0
c 0 1362 2
c 0 1363 2
c 0 1366 2
c 0 1367 2
c 0 1368 2
c 0 1369 2
c 0 1370 0
c 0 1371 0
c 0 1373 0
c 0 1374 2
c 0 1375 2
c 0 1376 2
c 0 1377 2
c 0 1379 2
c 0 1385 0
c 0 1387 2
c 0 1406 0
c 0 1407 0
c 0 1408 0
c 0 1409 0
c 0 1410 2
c 0 1411 0
c 0 1412 0
c 0 1413 0
c 0 1414 0
c 0 1415 0
c 0 1422 2
c 0 1423 2
c 0 1424 2
c 0 1425 2
c 0 1426 2
c 0 1427 2
c 0 1428 0
c 0 1430 2
c 0 1431 2
c 0 1434 0
c 0 1436 0
c 0 1437 0
c 0 1439 2
c 0 1441 0
c 0 1442 0
c 0 1443 0
c 0 1445 0
c 0 1447 0
c 0 1454 2
c 0 1455 2
c 0 1457 0
c 0 1460 2
c 0 1461 2
c 0 1463 0
c 0 1464 2
c 0 1465 2
c 0 1466 0
c 0 1467 0
c 0 1468 0
c 0 1469 0
c 0 1472 2
c 0 1473 2
c 0 1474 2
c 0 1476 2
c 0 1477 2
c 0 1478 2
c 0 1479 2
c 0 1480 2
c 0 1483 0
c 0 1486 0
c 0 1487 0
c 0 1488 2
c 0 1490 0
c 0 1491 0
c 0 1500 0
c 0 1505 0
c 0 1507 0
c 0 1508 0
c 0 1516 2
c 0 1517 2
c 0 1520 0
c 0 1525 0
c 0 1541 2
c 0 1544 0
c 0 1555 2
c 0 1556 2
c 0 1557 2
c 0 1558 0
c 0 1559 0
c 0 1561 0
c 0 1566 2
c 0 1567 2
c 0 1568 2
c 0 1569 2
c 0 1570 2
c 0 1571 2
c 0 1576 0
c 0 1578 0
c 0 1579 0
c 0 1580 0
c 0 1581 0
c 0 1582 0
c 0 1584 2
c 0 1585 2
c 0 1586 0
c 0 1587 0
c 0 1598 2
c 0 1599 2
c 0 1603 2
c 0 1605 2
c 0 1607 2
c 0 1609 2
c 0 1612 2
c 0 1613 2
c 0 1620 0
c 0 1621 0
c 0 1623 0
c 0 1626 0
c 0 1627 0
c 0 1628 0
c 0 1629 0
c 0 1631 0
c 0 1658 2
c 0 1659 2
c 0 1660 2
c 0 1661 2
c 0 1662 2
c 0 1663 2
c 0 1666 2
c 0 1667 2
c 0 1684 0
c 0 1685 0
c 0 1686 2
c 0 1687 2
c 0 1695 0
c 0 1696 0
c 0 1697 0
c 0 1698 0
c 0 1699 0
c 0 1700 0
c 0 1701 0
c 0 1702 0
c 0 1712 2
c 0 1713 2
c 0 1716 0
c 0 1717 0
c 0 1735 2
c 0 1746 2
c 0 1747 2
c 0 1749 0
c 0 1750 2
c 0 1751 2
c 0 1752 2
c 0 1754 2
c 0 1755 2
c 0 1756 0
c 0 1758 2
c 0 1759 2
c 0 1778 0
c 0 1779 0
c 0 1780 2
c 0 1781 2
c 0 1796 0
c 0 1807 2
c 0 1812 0
c 0 1813 0
c 0 1814 0
c 0 1818 0
c 0 1820 0
c 0 1821 0
c 0 1822 0
c 0 1824 0
c 0 1828 2
c 0 1831 2
c 0 1833 2
c 0 1834 2
c 0 1835 2
c 0 1836 0
c 0 1838 2
c 0 1839 2
c 0 1843 0
c 0 1844 2
c 0 1845 2
c 0 1848 0
c 0 1849 0
c 0 1850 0
c 0 1851 0
c 0 1852 2
c 0 1853 2
c 0 1854 2
c 0 1855 2
c 0 1856 2
c 0 1866 0
c 0 1867 0
c 0 1869 0
c 0 1871 0
c 0 1872 2
c 0 1873 2
c 0 1876 2
c 0 1877 2
c 0 1882 0
c 0 1890 0
c 0 1892 0
c 0 1893 0
c 0 1894 0
c 0 1895 0
c 0 1896 0
c 0 1897 0
c 0 1932 2
c 0 1933 2
c 0 1940 2
c 0 1944 2
c 0 1945 2
c 0 1950 2
c 0 1951 2
c 0 1952 2
c 0 1968 0
c 0 1969 0
c 0 1970 0
c 0 1972 2
c 0 1973 2
c 0 1975 2
c 0 1999 0
c 0 2000 0
c 0 2001 0
c 0 2002 0
c 0 2003 0
c 0 2004 0
c 0 2005 0
c 0 2008 2
c 0 2012 0
c 0 2015 0
c 0 2033 2
c 0 2036 0
c 0 2042 2
c 0 2043 2
c 0 2044 2
c 0 2045 2
c 0 2048 2
c 0 2049 2
c 0 2050 2
c 0 2051 2
c 0 2063 0
c 0 2067 2
c 0 2074 0
c 0 2075 0
c 0 2076 0
c 0 2077 0
c 0 2078 0
c 0 2079 0
c 0 2080 0
c 0 2081 0
c 0 2088 2
c 0 2089 2
c 0 2090 0
c 0 2094 2
c 0 2095 2
c 0 2096 2
c 0 2097 2
c 0 2098 2
c 0 2099 2
c 0 2100 0
c 0 2101 0
c 0 2102 2
c 0 2103 2
c 0 2104 2
c 0 2110 0
c 0 2111 0
c 0 2112 0
c 0 2113 0
c 0 2116 0
c 0 2118 0
c 0 2119 0
c 0 2121 0
c 0 2122 2
c 0 2131 0
c 0 2168 2
c 0 2169 2
c 0 2171 2
c 0 2172 2
c 0 2175 2
c 0 2176 0
c 0 2178 0
c 0 2179 0
c 0 2183 0
c 0 2188 2
c 0 2189 2
c 0 2190 2
c 0 2191 2
c 0 2192 2
c 0 2193 2
c 0 2194 2
c 0 2199 0
c 0 2200 2
c 0 2203 0
c 0 2219 0
c 0 2220 0
c 0 2222 0
c 0 2223 0
c 0 2224 0
c 0 2225 0
c 0 2226 0
c 0 2237 2
c 0 2240 2
c 0 2241 2
c 0 2242 2
c 0 2243 2
c 0 2244 2
c 0 2245 2
c 0 2246 2
c 0 2251 0
c 0 2253 0
c 0 2254 0
c 0 2256 2
c 0 2257 2
c 0 2259 0
c 0 2262 2
c 0 2263 2
c 0 2269 0
c 0 2289 2
c 0 2296 0
c 0 2297 0
c 0 2300 0
c 0 2301 0
c 0 2302 0
c 0 2303 0
c 0 2304 0
c 0 2305 0
c 0 2332 2
c 0 2333 2
c 0 2335 2
c 0 2336 2
c 0 2338 2
c 0 2339 2
c 0 2340 2
c 0 2341 2
c 0 2344 0
c 0 2346 0
c 0 2347 0
c 0 2350 0
c 0 2351 0
c 0 2353 0
c 0 2356 2
c 0 2357 2
c 0 2358 2
c 0 2359 2
c 0 2360 2
c 0 2361 2
c 0 2379 0
c 0 2383 2
c 0 2388 0
c 0 2389 0
c 0 2390 0
c 0 2391 0
c 0 2392 0
c 0 2398 2
c 0 2402 0
c 0 2403 0
c 0 2404 0
c 0 2405 0
c 0 2410 2
c 0 2411 2
c 0 2412 0
c 0 2414 2
c 0 2415 2
c 0 2418 2
c 0 2422 0
c 0 2423 0
c 0 2426 0
c 0 2427 0
c 0 2430 2
c 0 2431 2
c 0 2432 2
c 0 2433 2
c 0 2434 2
c 0 2435 2
c 0 2436 2
c 0 2437 2
c 0 2450 0
c 0 2455 2
c 0 2460 0
c 0 2461 0
c 0 2462 0
c 0 2463 0
c 0 2464 0
c 0 2465 0
c 0 2466 0
c 0 2467 0
c 0 2472 2
c 0 2475 2
c 0 2476 2
c 0 2479 2
c 0 2482 2
c 0 2488 2
c 0 2490 0
c 0 2493 0
c 0 2494 0
c 0 2495 0
c 0 2496 0
c 0 2497 0
c 0 2520 2
c 0 2523 0
c 0 2524 2
c 0 2525 2
c 0 2526 2
c 0 2527 2
c 0 2528 2
c 0 2529 2
c 0 2530 2
c 0 2531 2
c 0 2541 0
c 0 2544 2
c 0 2555 0
c 0 2562 0
c 0 2564 0
c 0 2565 0
c 0 2568 2
c 0 2569 2
c 0 2572 0
c 0 2574 0
c 0 2575 0
c 0 2576 0
c 0 2577 0
c 0 2582 0
c 0 2584 2
c 0 2588 2
c 0 2589 2
c 0 2590 2
c 0 2591 2
c 0 2592 0
c 0 2593 0
c 0 2594 0
c 0 2595 0
c 0 2596 0
c 0 2599 2
c 0 2601 2
c 0 2602 0
c 0 2603 0
c 0 2605 2
c 0 2606 2
c 0 2607 2
c 0 2608 2
c 0 2609 2
c 0 2610 2
c 0 2611 2
c 0 2612 0
c 0 2613 0
c 0 2614 2
c 0 2615 2
c 0 2618 0
c 0 2621 0
c 0 2622 2
c 0 2623 2
c 0 2625 2
c 0 2629 0
c 0 2630 2
c 0 2632 0
c 0 2633 0
c 0 2635 2
c 0 2636 2
c 0 2639 0
c 0 2640 2
c 0 2646 0
c 0 2648 2
c 0 2660 0
c 0 2661 2
c 0 2662 0
c 0 2664 0
c 0 2665 2
c 0 2666 0
c 0 2667 0
c 0 2668 0
c 0 2669 0
c 0 2670 2
c 0 2671 2
c 0 2672 2
c 0 2673 2
c 0 2675 2
c 0 2678 0
c 0 2679 0
c 0 2680 0
c 0 2681 2
c 0 2682 2
c 0 2683 2
c 0 2688 0
c 0 2689 2
c 0 2690 0
c 0 2691 0
c 0 2692 2
c 0 2693 0
c 0 2694 2
c 0 2695 2
c 0 2696 0
c 0 2697 0
c 0 2699 0
c 0 2700 0
c 0 2701 0
c 0 2702 0
c 0 2703 0
c 0 2704 0
c 0 2720 2
c 0 2721 2
c 0 2722 2
c 0 2723 2
c 0 2724 2
c 0 2725 2
c 0 2726 2
c 0 2727 2
c 0 2734 0
c 0 2735 0
c 0 2736 0
c 0 2743 2
c 0 2744 2
c 0 2746 2
c 0 2750 0
c 0 2751 0
c 0 2752 0
c 0 2753 0
c 0 2756 0
c 0 2764 2
c 0 2765 2
c 0 2766 2
c 0 2767 2
c 0 2768 2
c 0 2774 0
c 0 2780 0
c 0 2782 0
c 0 2783 0
c 0 2784 0
c 0 2785 0
c 0 2786 0
c 0 2787 0
c 0 2811 2
c 0 2812 2
c 0 2813 2
c 0 2817 2
c 0 2818 2
c 0 2819 2
c 0 2820 2
c 0 2821 2
c 0 2829 0
c 0 2833 2
c 0 2842 0
c 0 2847 0
c 0 2848 0
c 0 2849 0
c 0 2850 0
c 0 2851 0
c 0 2855 2
c 0 2859 2
c 0 2860 2
c 0 2861 2
c 0 2862 2
c 0 2863 2
c 0 2874 0
c 0 2876 2
c 0 2878 0
c 0 2879 0
c 1 1 2
c 1 2 2
c 1 6 0
c 1 7 0
c 1 29 2
c 1 30 2
c 1 31 2
c 1 32 2
c 1 33 2
c 1 34 2
c 1 35 2
c 1 36 2
c 1 37 2
c 1 38 2
c 1 39 2
c 1 40 2
c 1 41 2
c 1 42 2
c 1 43 2
c 1 44 2
c 1 59 2
c 1 69 2
c 1 73 2
c 1 79 2
c 1 90 0
c 1 92 0
c 1 99 0
c 1 100 0
c 1 102 0
c 1 103 0
c 1 118 2
c 1 119 2
c 1 122 2
c 1 123 2
c 1 124 2
c 1 125 2
c 1 126 2
c 1 127 2
c 1 128 2
c 1 129 2
c 1 130 2
c 1 131 2
c 1 132 2
c 1 133 2
c 1 146 0
c 1 158 0
c 1 160 0
c 1 162 0
c 1 163 0
c 1 164 0
c 1 165 0
c 1 166 0
c 1 167 0
c 1 168 0
c 1 169 0
c 1 170 0
c 1 171 0
c 1 176 0
c 1 177 0
c 1 178 0
c 1 179 0
c 1 180 0
c 1 181 0
c 1 182 0
c 1 183 0
c 1 186 0
c 1 187 0
c 1 189 0
c 1 191 0
c 1 193 2
c 1 196 0
c 1 197 2
c 1 200 0
c 1 203 0
c 1 204 0
c 1 207 0
c 1 214 2
c 1 215 2
c 1 217 2
c 1 219 2
c 1 220 2
c 1 221 2
c 1 222 2
c 1 223 2
c 1 224 2
c 1 225 2
c 1 226 2
c 1 227 2
c 1 228 2
c 1 229 2
c 1 231 2
c 1 235 0
c 1 248 0
c 1 252 0
c 1 253 0
c 1 254 0
c 1 260 0
c 1 268 2
c 1 269 2
c 1 271 2
c 1 282 2
c 1 283 2
c 1 284 2
c 1 285 2
c 1 290 2
c 1 291 2
c 1 293 2
c 1 301 2
c 1 308 0
c 1 310 0
c 1 311 0
c 1 312 2
c 1 316 2
c 1 317 2
c 1 318 2
c 1 319 2
c 1 320 2
c 1 321 2
c 1 322 2
c 1 323 2
c 1 329 2
c 1 345 0
c 1 346 0
c 1 347 0
c 1 348 0
c 1 349 0
c 1 350 0
c 1 351 0
c 1 352 0
c 1 353 0
c 1 354 0
c 1 355 0
c 1 356 0
c 1 357 0
c 1 358 0
c 1 359 0
c 1 366 0
c 1 367 0
c 1 371 2
c 1 375 0
c 1 376 2
c 1 378 2
c 1 383 0
c 1 384 0
c 1 385 0
c 1 386 0
c 1 387 0
c 1 389 0
c 1 398 0
c 1 399 0
c 1 401 0
c 1 403 0
c 1 407 0
c 1 414 2
c 1 415 2
c 1 416 2
c 1 417 2
c 1 418 2
c 1 419 2
c 1 420 2
c 1 421 2
c 1 422 2
c 1 423 2
c 1 424 2
c 1 425 2
c 1 426 2
c 1 428 2
c 1 429 2
c 1 431 2
c 1 433 2
c 1 436 2
c 1 452 0
c 1 460 2
c 1 461 2
c 1 462 2
c 1 464 2
c 1 465 2
c 1 466 2
c 1 467 2
c 1 478 2
c 1 479 2
c 1 493 2
c 1 494 0
c 1 501 0
c 1 503 0
c 1 506 0
c 1 507 0
c 1 509 0
c 1 512 2
c 1 513 2
c 1 514 2
c 1 515 2
c 1 516 2
c 1 517 2
c 1 558 0
c 1 559 0
c 1 560 0
c 1 561 0
c 1 562 0
c 1 563 0
c 1 566 0
c 1 567 0
c 1 568 0
c 1 569 0
c 1 570 0
c 1 571 0
c 1 572 0
c 1 573 0
c 1 574 0
c 1 575 0
c 1 576 2
c 1 581 2
c 1 584 0
c 1 585 0
c 1 586 0
c 1 589 2
c 1 590 0
c 1 591 0
c 1 592 0
c 1 593 0
c 1 594 0
c 1 595 0
c 1 596 0
c 1 597 0
c 1 603 0
c 1 604 2
c 1 606 2
c 1 607 2
c 1 608 2
c 1 609 2
c 1 610 2
c 1 611 2
c 1 612 2
c 1 613 2
c 1 614 2
c 1 615 2
c 1 616 2
c 1 617 2
c 1 618 2
c 1 619 2
c 1 620 2
c 1 621 2
c 1 622 2
c 1 623 2
c 1 624 2
c 1 625 2
c 1 628 2
c 1 630 2
c 1 635 2
c 1 637 0
c 1 638 0
c 1 639 0
c 1 640 0
c 1 641 0
c 1 642 0
c 1 643 0
c 1 645 0
c 1 649 2
c 1 650 2
c 1 651 2
c 1 652 2
c 1 653 2
c 1 655 2
c 1 656 2
c 1 657 2
c 1 661 0
c 1 662 0
c 1 663 0
c 1 664 0
c 1 665 0
c 1 666 0
c 1 667 0
c 1 668 0
c 1 669 0
c 1 670 0
c 1 671 0
c 1 672 0
c 1 673 0
c 1 675 2
c 1 677 0
c 1 678 0
c 1 679 0
c 1 680 0
c 1 681 0
c 1 682 0
c 1 683 0
c 1 684 0
c 1 685 0
c 1 686 0
c 1 687 0
c 1 688 0
c 1 689 0
c 1 690 0
c 1 691 0
c 1 702 2
c 1 703 2
c 1 704 2
c 1 705 2
c 1 706 2
c 1 707 2
c 1 708 2
c 1 709 2
c 1 710 2
c 1 711 2
c 1 712 2
c 1 734 0
c 1 735 0
c 1 738 0
c 1 739 0
c 1 740 0
c 1 741 0
c 1 742 0
c 1 743 0
c 1 750 0
c 1 751 0
c 1 754 2
c 1 764 0
c 1 780 2
c 1 782 2
c 1 783 2
c 1 784 2
c 1 785 2
c 1 790 2
c 1 792 2
c 1 793 2
c 1 794 2
c 1 795 2
c 1 796 2
c 1 797 2
c 1 798 2
c 1 799 2
c 1 800 2
c 1 801 2
c 1 802 2
c 1 803 2
c 1 806 2
c 1 809 2
c 1 827 0
c 1 828 0
c 1 829 0
c 1 830 0
c 1 831 0
c 1 832 0
c 1 833 0
c 1 834 0
c 1 835 0
c 1 836 0
c 1 837 0
c 1 838 0
c 1 839 0
c 1 840 0
c 1 841 0
c 1 842 0
c 1 843 0
c 1 844 0
c 1 845 0
c 1 846 0
c 1 847 0
c 1 848 2
c 1 849 2
c 1 851 0
c 1 852 0
c 1 873 2
c 1 879 2
c 1 880 2
c 1 881 2
c 1 882 2
c 1 883 2
c 1 884 2
c 1 885 2
c 1 886 2
c 1 888 2
c 1 890 2
c 1 891 2
c 1 892 2
c 1 893 2
c 1 894 2
c 1 895 2
c 1 896 2
c 1 897 2
c 1 898 2
c 1 899 2
c 1 900 2
c 1 901 2
c 1 905 2
c 1 920 0
c 1 921 0
c 1 922 0
c 1 923 0
c 1 924 0
c 1 925 0
c 1 926 0
c 1 927 0
c 1 928 0
c 1 929 0
c 1 930 0
c 1 931 0
c 1 935 0
c 1 942 2
c 1 943 2
c 1 944 2
c 1 945 2
c 1 946 2
c 1 947 2
c 1 955 2
c 1 960 2
c 1 964 2
c 1 965 2
c 1 975 2
c 1 976 2
c 1 982 2
c 1 983 2
c 1 985 2
c 1 992 2
c 1 993 2
c 1 994 2
c 1 1016 0
c 1 1018 0
c 1 1019 0
c 1 1020 0
c 1 1021 0
c 1 1022 0
c 1 1023 0
c 1 1024 0
c 1 1025 0
c 1 1026 0
c 1 1027 0
c 1 1028 0
c 1 1029 0
c 1 1030 0
c 1 1031 0
c 1 1032 0
c 1 1033 0
c 1 1034 0
c 1 1035 0
c 1 1036 0
c 1 1061 0
c 1 1063 2
c 1 1065 2
c 1 1066 2
c 1 1068 2
c 1 1072 2
c 1 1074 2
c 1 1077 0
c 1 1086 2
c 1 1087 2
c 1 1092 2
c 1 1093 2
c 1 1094 2
c 1 1102 0
c 1 1103 0
c 1 1104 0
c 1 1105 0
c 1 1108 2
c 1 1110 2
c 1 1114 0
c 1 1115 0
c 1 1116 0
c 1 1117 0
c 1 1118 0
c 1 1119 0
c 1 1120 0
c 1 1121 0
c 1 1122 0
c 1 1123 0
c 1 1124 0
c 1 1125 0
c 1 1126 0
c 1 1127 0
c 1 1128 0
c 1 1132 2
c 1 1135 2
c 1 1138 2
c 1 1139 2
c 1 1140 2
c 1 1145 2
c 1 1146 2
c 1 1147 2
c 1 1152 0
c 1 1161 2
c 1 1163 0
c 1 1165 2
c 1 1167 2
c 1 1169 2
c 1 1176 0
c 1 1177 0
c 1 1180 0
c 1 1183 2
c 1 1184 2
c 1 1185 2
c 1 1186 2
c 1 1187 2
c 1 1188 2
c 1 1189 2
c 1 1190 2
c 1 1191 2
c 1 1196 2
c 1 1197 2
c 1 1201 2
c 1 1204 2
c 1 1206 2
c 1 1207 2
c 1 1218 2
c 1 1221 2
c 1 1224 2
c 1 1226 2
c 1 1228 2
c 1 1229 2
c 1 1241 0
c 1 1252 0
c 1 1253 0
c 1 1254 0
c 1 1255 0
c 1 1256 0
c 1 1257 0
c 1 1262 0
c 1 1263 0
c 1 1264 0
c 1 1265 0
c 1 1267 0
c 1 1276 2
c 1 1277 2
c 1 1278 2
c 1 1280 2
c 1 1281 2
c 1 1282 2
c 1 1283 2
c 1 1284 2
c 1 1285 2
c 1 1286 2
c 1 1287 2
c 1 1291 2
c 1 1310 0
c 1 1311 0
c 1 1313 0
c 1 1315 0
c 1 1316 0
c 1 1317 0
c 1 1318 0
c 1 1320 0
c 1 1321 0
c 1 1322 0
c 1 1323 0
c 1 1324 0
c 1 1325 0
c 1 1328 0
c 1 1329 0
c 1 1330 0
c 1 1331 0
c 1 1332 0
c 1 1333 2
c 1 1334 0
c 1 1335 0
c 1 1336 0
c 1 1337 0
c 1 1338 0
c 1 1339 0
c 1 1342 0
c 1 1343 0
c 1 1344 2
c 1 1346 0
c 1 1347 0
c 1 1349 2
c 1 1350 0
c 1 1351 0
c 1 1352 0
c 1 1356 2
c 1 1357 2
c 1 1360 2
c 1 1362 2
c 1 1363 2
c 1 1365 2
c 1 1366 2
c 1 1368 2
c 1 1369 2
c 1 1371 2
c 1 1372 2
c 1 1374 2
c 1 1375 2
c 1 1376 2
c 1 1377 2
c 1 1378 2
c 1 1379 2
c 1 1380 2
c 1 1383 2
c 1 1384 2
c 1 1385 2
c 1 1386 2
c 1 1387 2
c 1 1389 2
c 1 1392 0
c 1 1397 2
c 1 1404 0
c 1 1405 0
c 1 1406 0
c 1 1407 0
c 1 1408 0
c 1 1409 0
c 1 1410 0
c 1 1411 0
c 1 1412 0
c 1 1413 0
c 1 1414 0
c 1 1415 0
c 1 1416 0
c 1 1417 0
c 1 1418 0
c 1 1419 0
c 1 1422 2
c 1 1423 2
c 1 1424 2
c 1 1425 2
c 1 1426 2
c 1 1428 0
c 1 1429 0
c 1 1434 0
c 1 1435 0
c 1 1436 0
c 1 1437 0
c 1 1440 2
c 1 1441 0
c 1 1442 0
c 1 1443 0
c 1 1444 0
c 1 1445 0
c 1 1446 0
c 1 1448 0
c 1 1449 0
c 1 1452 2
c 1 1453 2
c 1 1456 2
c 1 1457 0
c 1 1460 2
c 1 1461 2
c 1 1463 0
c 1 1466 0
c 1 1467 0
c 1 1468 0
c 1 1472 2
c 1 1473 2
c 1 1476 2
c 1 1477 2
c 1 1478 2
c 1 1479 2
c 1 1481 2
c 1 1486 0
c 1 1487 0
c 1 1490 0
c 1 1491 0
c 1 1503 0
c 1 1507 0
c 1 1524 0
c 1 1532 2
c 1 1538 0
c 1 1540 2
c 1 1542 2
c 1 1566 2
c 1 1567 2
c 1 1568 2
c 1 1569 2
c 1 1570 2
c 1 1571 2
c 1 1584 2
c 1 1585 2
c 1 1588 2
c 1 1599 2
c 1 1613 2
c 1 1614 2
c 1 1616 2
c 1 1617 2
c 1 1623 0
c 1 1629 0
c 1 1630 0
c 1 1635 0
c 1 1636 0
c 1 1652 2
c 1 1653 2
c 1 1654 2
c 1 1655 2
c 1 1656 2
c 1 1657 2
c 1 1658 2
c 1 1659 2
c 1 1660 2
c 1 1661 2
c 1 1662 2
c 1 1663 2
c 1 1664 2
c 1 1665 2
c 1 1666 2
c 1 1667 2
c 1 1683 0
c 1 1686 2
c 1 1687 2
c 1 1692 0
c 1 1694 0
c 1 1695 0
c 1 1696 0
c 1 1697 0
c 1 1698 0
c 1 1699 0
c 1 1700 0
c 1 1701 0
c 1 1702 0
c 1 1703 0
c 1 1704 0
c 1 1709 0
c 1 1716 0
c 1 1717 0
c 1 1718 0
c 1 1719 0
c 1 1720 0
c 1 1740 2
c 1 1743 2
c 1 1746 2
c 1 1747 2
c 1 1750 2
c 1 1751 2
c 1 1752 2
c 1 1753 2
c 1 1754 2
c 1 1755 2
c 1 1757 2
c 1 1758 2
c 1 1759 2
c 1 1761 2
c 1 1762 2
c 1 1764 2
c 1 1765 2
c 1 1780 2
c 1 1812 0
c 1 1822 0
c 1 1823 0
c 1 1824 0
c 1 1825 0
c 1 1826 2
c 1 1834 2
c 1 1835 2
c 1 1836 0
c 1 1838 2
c 1 1839 2
c 1 1841 2
c 1 1848 0
c 1 1849 0
c 1 1850 0
c 1 1851 0
c 1 1854 2
c 1 1855 2
c 1 1867 0
c 1 1872 2
c 1 1873 2
c 1 1886 0
c 1 1892 0
c 1 1893 0
c 1 1894 0
c 1 1895 0
c 1 1896 0
c 1 1897 0
c 1 1898 0
c 1 1899 0
c 1 1900 0
c 1 1901 0
c 1 1903 0
c 1 1904 0
c 1 1905 0
c 1 1907 0
c 1 1932 2
c 1 1934 2
c 1 1943 2
c 1 1944 2
c 1 1945 2
c 1 1947 2
c 1 1950 2
c 1 1951 2
c 1 1952 2
c 1 1953 2
c 1 1954 2
c 1 1955 2
c 1 1958 2
c 1 1959 2
c 1 1972 2
c 1 1973 2
c 1 1996 0
c 1 1997 0
c 1 1998 0
c 1 1999 0
c 1 2000 0
c 1 2001 0
c 1 2002 0
c 1 2003 0
c 1 2004 0
c 1 2005 0
c 1 2006 0
c 1 2007 0
c 1 2010 0
c 1 2012 0
c 1 2013 0
c 1 2014 0
c 1 2015 0
c 1 2016 0
c 1 2017 0
c 1 2018 0
c 1 2019 0
c 1 2020 0
c 1 2021 0
c 1 2022 0
c 1 2023 0
c 1 2024 0
c 1 2025 0
c 1 2026 0
c 1 2032 2
c 1 2033 2
c 1 2042 2
c 1 2043 2
c 1 2044 2
c 1 2045 2
c 1 2046 2
c 1 2047 2
c 1 2048 2
c 1 2049 2
c 1 2050 2
c 1 2051 2
c 1 2052 2
c 1 2053 2
c 1 2054 2
c 1 2055 2
c 1 2056 2
c 1 2057 2
c 1 2060 2
c 1 2061 2
c 1 2064 2
c 1 2065 2
c 1 2066 2
c 1 2067 2
c 1 2068 2
c 1 2069 2
c 1 2070 2
c 1 2074 0
c 1 2075 0
c 1 2076 0
c 1 2077 0
c 1 2078 0
c 1 2079 0
c 1 2080 0
c 1 2081 0
c 1 2083 0
c 1 2084 0
c 1 2094 2
c 1 2095 2
c 1 2096 2
c 1 2097 2
c 1 2098 2
c 1 2099 2
c 1 2100 0
c 1 2101 0
c 1 2106 0
c 1 2107 0
c 1 2110 0
c 1 2111 0
c 1 2112 0
c 1 2113 0
c 1 2114 0
c 1 2115 0
c 1 2116 0
c 1 2117 0
c 1 2120 0
c 1 2121 0
c 1 2122 0
c 1 2123 0
c 1 2124 0
c 1 2128 2
c 1 2129 2
c 1 2130 0
c 1 2131 0
c 1 2132 0
c 1 2133 0
c 1 2134 0
c 1 2135 0
c 1 2136 0
c 1 2137 0
c 1 2170 2
c 1 2171 2
c 1 2184 2
c 1 2186 2
c 1 2187 2
c 1 2188 2
c 1 2189 2
c 1 2190 2
c 1 2191 2
c 1 2192 2
c 1 2193 2
c 1 2194 2
c 1 2195 2
c 1 2204 2
c 1 2207 0
c 1 2208 0
c 1 2211 0
c 1 2215 0
c 1 2218 0
c 1 2219 0
c 1 2222 0
c 1 2223 0
c 1 2224 0
c 1 2225 0
c 1 2226 0
c 1 2227 0
c 1 2228 0
c 1 2229 0
c 1 2240 2
c 1 2241 2
c 1 2242 2
c 1 2243 2
c 1 2244 2
c 1 2245 2
c 1 2246 2
c 1 2247 2
c 1 2248 2
c 1 2260 2
c 1 2261 2
c 1 2262 2
c 1 2263 2
c 1 2287 2
c 1 2289 2
c 1 2292 0
c 1 2293 0
c 1 2295 0
c 1 2300 0
c 1 2301 0
c 1 2302 0
c 1 2303 0
c 1 2304 0
c 1 2305 0
c 1 2306 0
c 1 2307 0
c 1 2310 0
c 1 2312 0
c 1 2315 0
c 1 2317 0
c 1 2332 2
c 1 2333 2
c 1 2334 2
c 1 2335 2
c 1 2336 2
c 1 2337 2
c 1 2338 2
c 1 2339 2
c 1 2340 2
c 1 2341 2
c 1 2356 2
c 1 2357 2
c 1 2358 2
c 1 2359 2
c 1 2360 2
c 1 2361 2
c 1 2362 2
c 1 2363 2
c 1 2364 2
c 1 2367 2
c 1 2375 2
c 1 2379 0
c 1 2401 0
c 1 2410 2
c 1 2426 0
c 1 2427 0
c 1 2430 2
c 1 2431 2
c 1 2432 2
c 1 2433 2
c 1 2434 2
c 1 2435 2
c 1 2436 2
c 1 2437 2
c 1 2460 0
c 1 2461 0
c 1 2462 0
c 1 2463 0
c 1 2464 0
c 1 2465 0
c 1 2466 0
c 1 2467 0
c 1 2468 0
c 1 2469 0
c 1 2470 0
c 1 2471 0
c 1 2480 0
c 1 2483 0
c 1 2484 0
c 1 2485 0
c 1 2490 0
c 1 2492 0
c 1 2494 0
c 1 2496 0
c 1 2497 0
c 1 2499 0
c 1 2500 0
c 1 2501 0
c 1 2504 0
c 1 2509 2
c 1 2512 2
c 1 2513 2
c 1 2514 2
c 1 2519 2
c 1 2520 2
c 1 2521 2
c 1 2523 2
c 1 2524 2
c 1 2525 2
c 1 2526 2
c 1 2527 2
c 1 2528 2
c 1 2529 2
c 1 2530 2
c 1 2531 2
c 1 2532 2
c 1 2533 2
c 1 2534 2
c 1 2535 2
c 1 2536 2
c 1 2537 2
c 1 2538 2
c 1 2539 2
c 1 2540 2
c 1 2545 2
c 1 2559 0
c 1 2574 0
c 1 2575 0
c 1 2577 0
c 1 2579 0
c 1 2582 0
c 1 2583 0
c 1 2586 2
c 1 2590 2
c 1 2592 0
c 1 2597 0
c 1 2602 0
c 1 2603 0
c 1 2606 2
c 1 2607 2
c 1 2608 2
c 1 2609 2
c 1 2610 2
c 1 2611 2
c 1 2612 0
c 1 2613 0
c 1 2614 2
c 1 2615 2
c 1 2617 2
c 1 2622 2
c 1 2623 2
c 1 2624 2
c 1 2628 0
c 1 2629 0
c 1 2630 2
c 1 2631 2
c 1 2632 0
c 1 2636 2
c 1 2660 0
c 1 2662 0
c 1 2663 0
c 1 2664 0
c 1 2665 0
c 1 2666 0
c 1 2667 0
c 1 2668 2
c 1 2670 2
c 1 2671 2
c 1 2673 2
c 1 2678 0
c 1 2679 0
c 1 2680 0
c 1 2681 2
c 1 2682 0
c 1 2683 2
c 1 2684 0
c 1 2685 0
c 1 2686 0
c 1 2687 0
c 1 2688 0
c 1 2689 0
c 1 2690 0
c 1 2691 0
c 1 2692 0
c 1 2693 0
c 1 2694 0
c 1 2695 0
c 1 2696 0
c 1 2697 0
c 1 2698 0
c 1 2699 0
c 1 2700 0
c 1 2701 0
c 1 2702 0
c 1 2703 0
c 1 2704 0
c 1 2705 0
c 1 2707 0
c 1 2720 2
c 1 2721 2
c 1 2722 2
c 1 2723 2
c 1 2724 2
c 1 2725 2
c 1 2726 2
c 1 2727 2
c 1 2728 2
c 1 2729 2
c 1 2733 2
c 1 2741 2
c 1 2746 2
c 1 2785 0
c 1 2786 0
c 1 2807 2
c 1 2810 2
c 1 2811 2
c 1 2812 2
c 1 2813 2
c 1 2815 2
c 1 2816 2
c 1 2817 2
c 1 2818 2
c 1 2819 2
c 1 2820 2
c 1 2821 2
c 1 2822 2
c 1 2823 2
c 1 2824 2
c 1 2825 2
c 1 2833 2
c 1 2850 0
c 1 2860 2
c 1 2875 0
c 1 2877 2
c 1 2878 0
c 1 2879 0
