ppoi 6 6 2 200 100
sched 200 100
r 0 395 1 4
r 1 378 2 1 1
r 2 206 2 0 0
r 3 379 2 4 4
r 4 480 3 1 1 1
r 5 192 1 3
r 6 201 2 0 0
r 7 199 1 1
r 8 482 2 5 5
r 9 489 2 4 4
r 10 488 2 3 3
r 11 107 1 3
r 12 490 2 4 4
r 13 497 3 1 1 1
r 14 481 1 0
r 15 484 1 0
r 16 281 2 0 0
r 17 282 1 3
r 18 378 2 1 1
r 19 388 1 1
r 20 112 2 1 1
r 21 494 1 0
r 22 295 2 0 0
r 23 377 1 3
r 24 108 2 4 4
r 25 292 2 0 0
r 26 395 3 3 3 3
r 27 299 3 0 0 0
r 28 195 2 1 1
r 29 192 2 4 4
r 30 92 3 5 5 5
r 31 94 1 1
r 32 92 1 1
r 33 392 2 1 1
r 34 383 2 1 1
r 35 101 2 4 4
r 36 400 2 6 6
r 37 482 1 3
r 38 398 2 0 0
r 39 495 3 0 0 0
r 40 205 1 3
r 41 185 1 0
r 42 298 3 4 4 4
r 43 103 2 0 0
r 44 377 1 3
r 45 377 2 0 0
r 46 472 2 0 0
r 47 395 3 1 1 1
r 48 107 3 0 0 0
r 49 93 2 0 0
r 50 291 3 6 6 6
r 51 379 3 5 5 5
r 52 290 3 5 5 5
r 53 401 3 1 1 1
r 54 110 1 0
r 55 195 2 6 6
r 56 398 3 1 1 1
r 57 492 2 5 5
r 58 382 1 4
r 59 393 3 4 4 4
r 60 200 2 1 1
r 61 474 3 3 3 3
r 62 88 3 0 0 0
r 63 390 1 0
r 64 194 1 0
r 65 490 2 4 4
r 66 197 2 3 3
r 67 485 1 1
r 68 203 3 5 5 5
r 69 189 3 0 0 0
r 70 378 3 6 6 6
r 71 184 3 5 5 5
r 72 401 2 5 5
r 73 193 3 4 4 4
r 74 292 3 1 1 1
r 75 283 2 0 0
r 76 382 1 3
r 77 104 1 0
r 78 386 2 1 1
r 79 200 3 6 6 6
r 80 386 1 4
r 81 286 3 5 5 5
r 82 204 1 0
r 83 379 1 0
r 84 108 2 1 1
r 85 194 2 1 1
r 86 194 2 3 3
r 87 185 1 0
r 88 112 1 0
r 89 386 2 3 3
r 90 113 3 1 1 1
r 91 105 1 1
r 92 390 3 0 0 0
r 93 109 3 4 4 4
r 94 189 2 1 1
r 95 95 2 3 3
r 96 288 1 0
r 97 389 1 0
r 98 97 2 0 0
r 99 99 1 0
r 100 188 2 4 4
r 101 111 3 0 0 0
r 102 386 1 3
r 103 194 2 5 5
r 104 208 1 1
r 105 486 3 5 5 5
r 106 493 2 1 1
r 107 200 1 1
r 108 484 2 6 6
r 109 481 1 0
r 110 386 2 0 0
r 111 481 1 4
r 112 381 1 5
r 113 387 3 1 1 1
r 114 296 3 3 3 3
r 115 104 3 1 1 1
r 116 109 1 3
r 117 378 1 0
r 118 200 1 0
r 119 494 2 1 1
r 120 184 3 1 1 1
r 121 483 1 0
r 122 488 3 4 4 4
r 123 388 3 4 4 4
r 124 186 3 0 0 0
r 125 490 3 1 1 1
r 126 494 1 0
r 127 483 2 0 0
r 128 96 3 6 6 6
r 129 482 2 3 3
r 130 88 3 1 1 1
r 131 91 3 6 6 6
r 132 376 2 1 1
r 133 108 1 1
r 134 190 2 3 3
r 135 101 3 5 5 5
r 136 194 2 4 4
r 137 482 2 1 1
r 138 488 3 1 1 1
r 139 290 1 1
r 140 392 3 5 5 5
r 141 104 1 3
r 142 188 2 1 1
r 143 207 3 1 1 1
r 144 489 3 0 0 0
r 145 492 1 0
r 146 95 3 1 1 1
r 147 390 3 4 4 4
r 148 376 1 1
r 149 193 3 0 0 0
r 150 91 1 3
r 151 198 2 0 0
r 152 393 1 0
r 153 284 2 1 1
r 154 203 3 0 0 0
r 155 98 3 4 4 4
r 156 210 3 0 0 0
r 157 284 3 5 5 6
r 158 386 2 4 4
r 159 399 3 5 5 5
r 160 101 3 4 4 4
r 161 482 2 6 6
r 162 102 3 1 1 1
r 163 301 2 0 0
r 164 190 3 6 6 6
r 165 282 1 0
r 166 378 3 0 0 1
r 167 202 3 1 1 1
r 168 487 1 1
r 169 293 3 1 1 1
r 170 387 1 0
r 171 110 3 4 4 4
r 172 302 1 0
r 173 392 2 1 1
r 174 491 1 3
r 175 205 2 6 6
r 176 293 3 4 4 4
r 177 206 2 0 0
r 178 393 3 6 6 6
r 179 384 2 3 3
r 180 101 3 0 0 0
r 181 481 1 0
r 182 110 2 1 1
r 183 383 2 5 5
r 184 199 3 4 4 4
r 185 480 2 1 1
r 186 490 1 1
r 187 100 2 4 4
r 188 95 1 0
r 189 186 1 4
r 190 111 2 3 3
r 191 385 2 0 0
r 192 387 2 5 5
r 193 199 1 1
r 194 391 2 1 1
r 195 190 2 1 1
r 196 193 1 1
r 197 89 2 4 4
r 198 97 3 1 1 1
r 199 198 2 5 5
a 0 926 3 0 0 0
a 1 198 1 4
a 2 1515 2 0 0
a 3 1449 1 0
a 4 1922 2 0 0
a 5 191 2 4 4
a 6 2698 1 0
a 7 387 2 4 4
a 8 199 2 4 4
a 9 1022 3 0 0 0
a 10 252 1 0
a 11 1696 3 0 0 0
a 12 1902 2 1 1
a 13 1452 3 4 4 4
a 14 300 2 5 5
a 15 1902 3 0 0 0
a 16 491 3 5 5 5
a 17 1314 3 5 5 5
a 18 874 3 4 4 4
a 19 1115 3 0 0 0
a 20 1433 3 5 5 5
a 21 94 3 3 5 5
a 22 1263 1 0
a 23 1578 3 0 0 0
a 24 1593 2 0 0
a 25 1330 3 5 5 5
a 26 1170 3 3 3 3
a 27 1069 3 4 4 4
a 28 105 1 0
a 29 1694 2 1 1
a 30 1449 3 4 4 4
a 31 201 1 3
a 32 1342 2 0 0
a 33 1885 1 0
a 34 2793 3 0 0 0
a 35 1830 1 0
a 36 1433 1 4
a 37 96 1 0
a 38 192 1 1
a 39 2117 1 0
a 40 1843 3 1 1 1
a 41 1646 2 1 1
a 42 193 2 4 4
a 43 1889 2 0 0
a 44 1861 2 0 0
a 45 1644 1 1
a 46 1624 3 1 1 1
a 47 1446 2 4 4
a 48 1328 2 0 0
a 49 1334 1 0
a 50 93 2 4 4
a 51 379 1 4
a 52 1069 3 3 3 3
a 53 1109 3 1 1 1
a 54 487 1 1
a 55 765 2 4 4
a 56 1639 2 5 5
a 57 1821 3 5 5 5
a 58 686 2 0 0
a 59 1261 2 0 0
a 60 1442 3 4 4 4
a 61 1436 3 4 4 4
a 62 869 3 6 6 6
a 63 206 3 4 4 4
a 64 102 2 4 4
a 65 336 1 0
a 66 1023 1 0
a 67 2107 3 1 1 1
a 68 1849 2 0 0
a 69 1543 1 3
a 70 108 3 4 4 4
a 71 1639 3 4 4 4
a 72 681 1 0
a 73 1681 3 5 5 5
a 74 1321 2 0 0
a 75 1904 1 0
a 76 953 1 0
a 77 1738 1 4
a 78 572 1 0
a 79 364 1 0
a 80 1536 1 4
a 81 770 1 0
a 82 1328 3 1 1 1
a 83 1770 3 0 0 0
a 84 2492 3 0 0 0
a 85 1159 3 4 4 4
a 86 1445 3 4 4 4
a 87 202 3 4 4 4
a 88 91 3 1 3 5
a 89 1073 3 4 4 4
a 90 1169 3 4 4 4
a 91 2310 1 0
a 92 188 2 3 3
a 93 1817 2 0 0
a 94 484 3 4 4 4
a 95 1831 1 4
a 96 1435 1 4
a 97 1074 1 0
a 98 591 3 5 5 5
a 99 785 1 1
c 0 51 2
c 0 64 2
c 0 94 2
c 0 151 2
c 0 191 0
c 0 211 2
c 0 231 2
c 0 240 2
c 0 255 0
c 0 312 2
c 0 331 2
c 0 386 2
c 0 392 0
c 0 423 2
c 0 451 0
c 0 476 0
c 0 485 2
c 0 515 2
c 0 588 0
c 0 589 0
c 0 621 0
c 0 633 2
c 0 662 0
c 0 676 0
c 0 737 2
c 0 809 2
c 0 851 0
c 0 920 0
c 0 928 0
c 0 947 0
c 0 961 2
c 0 1012 0
c 0 1022 0
c 0 1031 0
c 0 1091 2
c 0 1115 0
c 0 1141 2
c 0 1188 2
c 0 1200 0
c 0 1227 2
c 0 1238 2
c 0 1268 2
c 0 1288 2
c 0 1289 2
c 0 1330 0
c 0 1334 0
c 0 1345 2
c 0 1363 2
c 0 1390 0
c 0 1408 0
c 0 1509 0
c 0 1553 2
c 0 1629 2
c 0 1640 2
c 0 1661 2
c 0 1718 0
c 0 1875 0
c 0 1923 0
c 0 1926 2
c 0 2004 0
c 0 2074 2
c 0 2114 0
c 0 2131 0
c 0 2159 2
c 0 2229 2
c 0 2368 0
c 0 2379 2
c 0 2393 2
c 0 2499 0
c 0 2519 2
c 0 2524 2
c 0 2556 0
c 0 2615 2
c 0 2616 2
c 0 2696 0
c 0 2717 0
c 0 2726 2
c 0 2796 0
c 0 2833 2
c 1 51 2
c 1 55 2
c 1 56 0
c 1 61 2
c 1 127 2
c 1 146 2
c 1 169 2
c 1 202 0
c 1 267 2
c 1 288 0
c 1 314 2
c 1 354 2
c 1 357 2
c 1 402 2
c 1 532 2
c 1 558 2
c 1 561 0
c 1 562 0
c 1 629 0
c 1 652 2
c 1 672 0
c 1 673 2
c 1 678 0
c 1 746 0
c 1 804 2
c 1 917 2
c 1 940 2
c 1 962 2
c 1 1021 0
c 1 1069 2
c 1 1093 2
c 1 1100 0
c 1 1181 0
c 1 1201 0
c 1 1223 2
c 1 1252 2
c 1 1253 0
c 1 1269 2
c 1 1325 2
c 1 1379 2
c 1 1443 0
c 1 1462 2
c 1 1481 2
c 1 1523 2
c 1 1554 2
c 1 1592 2
c 1 1597 0
c 1 1669 0
c 1 1678 0
c 1 1695 2
c 1 1746 0
c 1 1756 2
c 1 1757 2
c 1 1796 0
c 1 1800 2
c 1 1833 2
c 1 1842 2
c 1 1926 0
c 1 1959 2
c 1 1967 0
c 1 2083 2
c 1 2131 0
c 1 2158 2
c 1 2219 2
c 1 2324 2
c 1 2329 2
c 1 2335 2
c 1 2366 2
c 1 2408 2
c 1 2417 0
c 1 2429 2
c 1 2434 2
c 1 2468 2
c 1 2515 2
c 1 2525 2
c 1 2531 2
c 1 2546 0
c 1 2584 0
c 1 2585 2
c 1 2642 0
c 1 2659 0
c 1 2666 0
c 1 2684 0
c 1 2732 0
c 1 2741 2
c 1 2744 2
c 1 2767 2
c 1 2799 2
c 1 2805 2
c 1 2828 0
c 1 2857 0
c 1 2859 2
