ppoi 6 6 2 200 100
sched 200 100
r 0 303 1 0
r 1 498 2 0 0
r 2 199 2 0 0
r 3 102 3 3 3 3
r 4 495 1 0
r 5 390 2 0 0
r 6 389 3 0 0 0
r 7 283 1 0
r 8 376 3 3 3 3
r 9 474 1 0
r 10 105 2 0 0
r 11 190 2 0 0
r 12 395 1 0
r 13 99 1 0
r 14 391 1 0
r 15 378 2 0 0
r 16 472 3 3 3 3
r 17 382 1 0
r 18 112 1 0
r 19 104 3 0 0 0
r 20 489 3 0 0 0
r 21 293 2 0 0
r 22 206 3 0 0 0
r 23 287 2 3 3
r 24 478 2 0 0
r 25 480 2 0 0
r 26 376 3 3 3 3
r 27 380 3 0 0 0
r 28 485 2 0 0
r 29 188 2 0 0
r 30 100 1 0
r 31 481 3 3 3 3
r 32 192 1 0
r 33 205 3 0 0 0
r 34 195 3 3 3 3
r 35 497 2 0 0
r 36 388 2 3 3
r 37 302 3 0 0 0
r 38 210 2 0 0
r 39 112 2 0 0
r 40 378 2 0 0
r 41 195 2 0 0
r 42 480 1 0
r 43 488 2 0 0
r 44 104 2 0 0
r 45 192 1 0
r 46 190 1 0
r 47 489 1 0
r 48 196 1 0
r 49 377 2 0 0
r 50 89 2 0 0
r 51 107 2 0 0
r 52 393 1 3
r 53 298 2 0 0
r 54 212 3 0 0 0
r 55 492 3 0 0 0
r 56 391 2 0 0
r 57 113 2 4 4
r 58 472 3 0 0 0
r 59 474 2 0 0
r 60 193 1 1
r 61 207 3 0 0 0
r 62 291 2 0 0
r 63 91 1 0
r 64 196 2 3 3
r 65 475 2 3 3
r 66 301 3 0 0 0
r 67 105 1 1
r 68 402 3 0 0 0
r 69 209 1 0
r 70 487 3 0 0 0
r 71 94 2 0 0
r 72 91 1 0
r 73 386 1 3
r 74 284 3 0 0 0
r 75 109 1 0
r 76 94 2 0 0
r 77 184 1 0
r 78 387 2 3 3
r 79 487 3 3 3 3
r 80 399 2 0 0
r 81 490 3 4 4 4
r 82 110 1 0
r 83 88 2 0 0
r 84 288 3 0 0 0
r 85 472 3 0 0 0
r 86 198 1 0
r 87 194 3 0 0 0
r 88 482 1 1
r 89 481 2 0 0
r 90 91 2 3 3
r 91 106 3 3 3 3
r 92 204 3 0 0 0
r 93 290 3 0 0 0
r 94 396 1 0
r 95 111 2 3 3
r 96 400 2 0 0
r 97 286 3 0 0 0
r 98 199 3 0 0 0
r 99 88 1 0
r 100 193 1 0
r 101 395 2 0 0
r 102 292 2 0 0
r 103 493 1 0
r 104 280 3 0 0 0
r 105 201 2 3 3
r 106 189 3 0 0 0
r 107 189 1 0
r 108 184 1 0
r 109 95 3 0 0 0
r 110 392 1 0
r 111 193 2 0 0
r 112 295 2 3 3
r 113 398 1 3
r 114 201 2 0 0
r 115 381 2 3 3
r 116 387 3 0 0 0
r 117 91 1 0
r 118 202 2 3 3
r 119 378 1 0
r 120 297 2 0 0
r 121 385 2 0 0
r 122 475 3 0 0 0
r 123 101 1 1
r 124 197 3 0 0 0
r 125 377 2 0 0
r 126 115 2 0 0
r 127 398 2 0 0
r 128 402 1 1
r 129 380 3 0 0 0
r 130 492 1 0
r 131 101 2 0 0
r 132 95 1 1
r 133 382 3 4 4 4
r 134 480 1 0
r 135 90 1 0
r 136 495 3 3 3 3
r 137 188 1 1
r 138 481 1 0
r 139 106 1 0
r 140 97 2 0 0
r 141 110 1 0
r 142 192 1 3
r 143 391 3 3 3 3
r 144 186 3 0 0 0
r 145 395 1 1
r 146 110 1 0
r 147 383 3 0 0 0
r 148 396 1 0
r 149 192 3 3 3 3
r 150 198 2 3 3
r 151 294 3 0 0 0
r 152 397 2 0 0
r 153 481 1 0
r 154 202 1 0
r 155 97 1 0
r 156 384 3 3 3 3
r 157 92 3 3 3 3
r 158 190 1 0
r 159 103 3 0 0 0
r 160 109 1 0
r 161 205 2 3 3
r 162 100 2 0 0
r 163 403 1 0
r 164 96 2 0 0
r 165 376 2 0 0
r 166 484 1 0
r 167 500 1 0
r 168 403 3 0 0 0
r 169 388 1 3
r 170 298 2 0 0
r 171 395 2 0 0
r 172 106 2 0 0
r 173 490 2 3 3
r 174 384 2 0 0
r 175 117 3 0 0 0
r 176 281 1 0
r 177 491 3 0 0 0
r 178 292 2 0 0
r 179 185 2 4 4
r 180 293 2 0 0
r 181 299 3 0 0 0
r 182 481 3 4 4 4
r 183 280 3 3 3 3
r 184 285 3 0 0 0
r 185 387 2 0 0
r 186 386 1 1
r 187 498 1 0
r 188 201 1 0
r 189 479 1 0
r 190 483 1 0
r 191 101 1 0
r 192 484 1 0
r 193 397 2 0 0
r 194 188 2 0 0
r 195 104 1 3
r 196 480 1 0
r 197 108 1 0
r 198 185 2 0 0
r 199 92 3 0 0 0
a 0 1434 2 3 3
a 1 1532 1 0
a 2 1160 2 3 3
a 3 98 2 3 3
a 4 1023 3 0 0 0
a 5 2793 2 0 0
a 6 558 2 0 0
a 7 1451 3 3 3 3
a 8 1440 3 4 4 4
a 9 304 2 0 0
a 10 2313 1 0
a 11 771 3 3 3 3
a 12 875 1 0
a 13 193 2 4 4
a 14 976 3 4 4 4
a 15 306 1 0
a 16 1054 2 0 0
a 17 1064 1 0
a 18 2217 2 4 4
a 19 2220 3 3 3 3
a 20 2494 2 3 3
a 21 501 3 4 4 4
a 22 208 1 0
a 23 2309 2 3 3
a 24 1626 1 1
a 25 1075 3 3 3 3
a 26 204 1 0
a 27 1454 2 0 0
a 28 2130 3 3 3 3
a 29 94 3 0 0 0
a 30 1024 3 0 0 0
a 31 1432 2 0 0
a 32 1730 2 4 4
a 33 952 3 4 4 4
a 34 400 2 3 3
a 35 1350 3 3 3 3
a 36 763 2 0 0
a 37 1544 1 1
a 38 2127 2 0 0
a 39 765 3 4 4 4
a 40 1818 2 3 3
a 41 186 1 0
a 42 860 1 3
a 43 2128 1 0
a 44 1626 2 3 3
a 45 858 3 0 0 0
a 46 1823 2 0 0
a 47 1624 2 3 3
a 48 186 3 5 5 5
a 49 493 1 0
a 50 1839 1 0
a 51 1451 1 0
a 52 1547 3 4 4 4
a 53 1438 1 0
a 54 2220 1 0
a 55 1060 1 0
a 56 1625 2 0 0
a 57 2125 3 4 4 4
a 58 1061 2 0 0
a 59 858 3 3 3 3
a 60 565 3 3 3 3
a 61 1448 3 4 4 4
a 62 201 2 4 4
a 63 1166 3 3 3 3
a 64 2300 3 3 3 3
a 65 1434 1 1
a 66 1444 3 3 3 3
a 67 978 3 3 3 3
a 68 1840 3 4 4 4
a 69 1438 1 0
a 70 1625 3 4 4 4
a 71 2119 1 3
a 72 881 3 3 3 3
a 73 1535 1 4
a 74 1345 3 0 0 0
a 75 1625 3 3 3 3
a 76 496 3 3 3 3
a 77 1635 3 3 3 3
a 78 681 3 0 0 0
a 79 1528 3 3 3 3
a 80 1540 2 0 0
a 81 2122 1 3
a 82 761 1 0
a 83 376 2 4 4
a 84 1443 1 1
a 85 953 1 1
a 86 2130 3 4 4 4
a 87 768 1 0
a 88 378 1 1
a 89 1057 1 1
a 90 1453 1 0
a 91 558 3 0 0 0
a 92 1257 2 0 0
a 93 480 1 0
a 94 1068 1 3
a 95 952 1 0
a 96 1822 1 3
a 97 380 2 3 3
a 98 1721 2 0 0
a 99 2131 3 0 0 0
c 0 0 2
c 0 1 2
c 0 2 2
c 0 3 2
c 0 4 2
c 0 6 0
c 0 7 0
c 0 9 0
c 0 10 0
c 0 11 0
c 0 27 2
c 0 28 2
c 0 30 2
c 0 31 2
c 0 32 2
c 0 33 2
c 0 34 2
c 0 35 2
c 0 87 0
c 0 88 0
c 0 91 0
c 0 92 0
c 0 94 0
c 0 95 0
c 0 96 0
c 0 99 0
c 0 124 2
c 0 125 2
c 0 126 2
c 0 127 2
c 0 128 2
c 0 129 2
c 0 130 2
c 0 131 2
c 0 162 0
c 0 163 0
c 0 164 0
c 0 165 0
c 0 166 0
c 0 167 0
c 0 168 0
c 0 169 0
c 0 171 2
c 0 172 2
c 0 173 2
c 0 175 2
c 0 177 0
c 0 178 0
c 0 179 0
c 0 184 2
c 0 188 0
c 0 190 2
c 0 191 0
c 0 194 0
c 0 214 2
c 0 215 2
c 0 217 2
c 0 222 2
c 0 223 2
c 0 226 2
c 0 227 2
c 0 229 2
c 0 237 0
c 0 238 0
c 0 242 0
c 0 243 0
c 0 249 0
c 0 252 0
c 0 253 0
c 0 261 0
c 0 268 2
c 0 269 2
c 0 272 2
c 0 274 2
c 0 276 2
c 0 277 2
c 0 278 0
c 0 280 0
c 0 281 0
c 0 282 2
c 0 283 2
c 0 284 2
c 0 285 2
c 0 286 0
c 0 290 2
c 0 291 2
c 0 292 0
c 0 293 0
c 0 294 0
c 0 296 2
c 0 297 2
c 0 299 0
c 0 302 0
c 0 303 0
c 0 306 0
c 0 307 0
c 0 308 0
c 0 309 0
c 0 313 2
c 0 317 2
c 0 318 2
c 0 319 2
c 0 320 2
c 0 322 2
c 0 323 2
c 0 327 0
c 0 328 2
c 0 329 2
c 0 342 0
c 0 344 0
c 0 350 0
c 0 351 0
c 0 352 0
c 0 355 0
c 0 356 0
c 0 357 0
c 0 363 2
c 0 364 2
c 0 365 2
c 0 366 0
c 0 367 0
c 0 370 2
c 0 371 2
c 0 373 2
c 0 376 0
c 0 377 0
c 0 380 2
c 0 386 0
c 0 388 0
c 0 393 2
c 0 394 2
c 0 399 0
c 0 402 0
c 0 403 0
c 0 414 2
c 0 415 2
c 0 416 2
c 0 417 2
c 0 418 2
c 0 419 2
c 0 420 2
c 0 421 2
c 0 439 0
c 0 440 0
c 0 442 0
c 0 443 0
c 0 444 0
c 0 448 0
c 0 449 0
c 0 458 2
c 0 460 2
c 0 462 2
c 0 464 2
c 0 465 2
c 0 466 2
c 0 469 0
c 0 478 2
c 0 479 2
c 0 480 0
c 0 491 0
c 0 492 0
c 0 501 0
c 0 502 0
c 0 503 0
c 0 505 0
c 0 506 0
c 0 511 2
c 0 512 2
c 0 513 2
c 0 514 2
c 0 515 2
c 0 516 2
c 0 517 2
c 0 518 2
c 0 526 0
c 0 529 0
c 0 532 2
c 0 533 2
c 0 547 0
c 0 552 2
c 0 558 0
c 0 559 0
c 0 560 0
c 0 566 0
c 0 567 0
c 0 568 0
c 0 569 0
c 0 570 0
c 0 574 2
c 0 577 2
c 0 579 0
c 0 580 2
c 0 582 2
c 0 585 2
c 0 588 2
c 0 589 2
c 0 590 0
c 0 591 0
c 0 592 0
c 0 593 0
c 0 594 0
c 0 595 0
c 0 606 2
c 0 607 2
c 0 608 2
c 0 609 2
c 0 610 2
c 0 611 2
c 0 612 2
c 0 613 2
c 0 638 0
c 0 639 0
c 0 641 0
c 0 642 0
c 0 643 0
c 0 649 2
c 0 650 0
c 0 651 2
c 0 652 2
c 0 653 2
c 0 655 2
c 0 656 2
c 0 662 0
c 0 663 0
c 0 664 2
c 0 667 0
c 0 668 0
c 0 670 0
c 0 671 0
c 0 672 2
c 0 673 2
c 0 674 2
c 0 676 2
c 0 678 0
c 0 679 0
c 0 680 2
c 0 681 0
c 0 682 0
c 0 683 0
c 0 684 0
c 0 685 0
c 0 686 2
c 0 690 0
c 0 691 0
c 0 702 2
c 0 703 2
c 0 704 2
c 0 705 2
c 0 706 2
c 0 707 2
c 0 708 2
c 0 709 2
c 0 730 0
c 0 733 0
c 0 734 0
c 0 735 0
c 0 738 0
c 0 741 2
c 0 742 0
c 0 743 0
c 0 748 2
c 0 749 0
c 0 750 0
c 0 751 0
c 0 753 2
c 0 754 2
c 0 755 0
c 0 756 0
c 0 770 2
c 0 772 0
c 0 785 2
c 0 789 0
c 0 791 2
c 0 794 2
c 0 795 2
c 0 797 2
c 0 798 2
c 0 799 2
c 0 800 2
c 0 801 2
c 0 814 0
c 0 817 2
c 0 828 0
c 0 829 0
c 0 831 0
c 0 832 0
c 0 833 0
c 0 835 0
c 0 836 0
c 0 840 2
c 0 844 2
c 0 845 0
c 0 846 0
c 0 847 0
c 0 848 2
c 0 849 2
c 0 850 0
c 0 852 0
c 0 862 2
c 0 864 0
c 0 879 2
c 0 881 2
c 0 882 2
c 0 883 2
c 0 885 0
c 0 886 0
c 0 890 2
c 0 891 2
c 0 895 2
c 0 896 2
c 0 898 2
c 0 899 2
c 0 921 0
c 0 922 0
c 0 923 0
c 0 924 0
c 0 925 0
c 0 926 0
c 0 927 0
c 0 929 0
c 0 942 2
c 0 943 2
c 0 944 2
c 0 945 2
c 0 946 2
c 0 947 2
c 0 948 0
c 0 950 0
c 0 951 2
c 0 952 0
c 0 956 0
c 0 957 2
c 0 959 2
c 0 960 2
c 0 964 0
c 0 965 0
c 0 967 2
c 0 969 2
c 0 971 0
c 0 974 2
c 0 977 0
c 0 982 2
c 0 983 2
c 0 984 2
c 0 988 0
c 0 989 0
c 0 991 0
c 0 992 2
c 0 993 2
c 0 995 2
c 0 998 0
c 0 1003 2
c 0 1018 0
c 0 1019 0
c 0 1020 2
c 0 1021 0
c 0 1022 0
c 0 1024 0
c 0 1025 0
c 0 1026 0
c 0 1027 2
c 0 1028 0
c 0 1029 0
c 0 1031 0
c 0 1041 2
c 0 1042 2
c 0 1043 2
c 0 1044 0
c 0 1045 0
c 0 1051 0
c 0 1054 2
c 0 1055 2
c 0 1056 2
c 0 1059 2
c 0 1067 2
c 0 1069 2
c 0 1078 0
c 0 1079 0
c 0 1082 2
c 0 1083 2
c 0 1084 2
c 0 1086 2
c 0 1090 0
c 0 1091 0
c 0 1092 2
c 0 1093 2
c 0 1102 0
c 0 1104 0
c 0 1108 2
c 0 1110 2
c 0 1114 0
c 0 1116 0
c 0 1117 0
c 0 1118 0
c 0 1120 0
c 0 1124 0
c 0 1125 0
c 0 1126 0
c 0 1132 2
c 0 1135 2
c 0 1136 2
c 0 1137 2
c 0 1138 2
c 0 1139 2
c 0 1142 2
c 0 1145 0
c 0 1146 2
c 0 1147 2
c 0 1150 0
c 0 1151 0
c 0 1152 0
c 0 1153 2
c 0 1155 0
c 0 1158 0
c 0 1166 2
c 0 1167 2
c 0 1171 2
c 0 1173 0
c 0 1174 0
c 0 1175 0
c 0 1176 0
c 0 1177 0
c 0 1180 0
c 0 1184 2
c 0 1185 2
c 0 1186 2
c 0 1187 2
c 0 1188 2
c 0 1189 2
c 0 1190 2
c 0 1209 0
c 0 1212 0
c 0 1213 0
c 0 1215 0
c 0 1217 2
c 0 1222 0
c 0 1224 2
c 0 1226 2
c 0 1228 2
c 0 1229 2
c 0 1245 0
c 0 1250 0
c 0 1252 0
c 0 1253 0
c 0 1256 0
c 0 1262 0
c 0 1263 0
c 0 1264 0
c 0 1274 2
c 0 1278 2
c 0 1280 2
c 0 1281 2
c 0 1282 2
c 0 1283 2
c 0 1284 2
c 0 1285 2
c 0 1316 0
c 0 1317 2
c 0 1318 0
c 0 1319 0
c 0 1320 2
c 0 1327 2
c 0 1328 0
c 0 1329 0
c 0 1330 0
c 0 1331 0
c 0 1332 2
c 0 1333 2
c 0 1336 0
c 0 1337 0
c 0 1339 0
c 0 1340 2
c 0 1342 0
c 0 1344 2
c 0 1345 2
c 0 1346 0
c 0 1347 0
c 0 1349 2
c 0 1350 0
c 0 1351 0
c 0 1352 0
c 0 1353 0
c 0 1362 2
c 0 1363 2
c 0 1364 2
c 0 1366 2
c 0 1367 2
c 0 1368 2
c 0 1369 2
c 0 1370 0
c 0 1372 0
c 0 1373 0
c 0 1374 2
c 0 1376 2
c 0 1377 2
c 0 1379 2
c 0 1404 0
c 0 1406 0
c 0 1407 0
c 0 1408 0
c 0 1409 0
c 0 1411 0
c 0 1414 0
c 0 1415 0
c 0 1422 2
c 0 1423 2
c 0 1424 2
c 0 1425 2
c 0 1427 2
c 0 1429 0
c 0 1430 0
c 0 1433 0
c 0 1434 0
c 0 1435 0
c 0 1436 2
c 0 1443 0
c 0 1458 2
c 0 1460 2
c 0 1461 2
c 0 1466 0
c 0 1467 0
c 0 1468 0
c 0 1472 2
c 0 1473 2
c 0 1475 2
c 0 1476 2
c 0 1477 2
c 0 1478 2
c 0 1479 2
c 0 1480 2
c 0 1482 0
c 0 1483 0
c 0 1484 0
c 0 1485 0
c 0 1486 0
c 0 1487 0
c 0 1490 0
c 0 1491 0
c 0 1516 2
c 0 1517 2
c 0 1521 0
c 0 1525 0
c 0 1541 2
c 0 1548 0
c 0 1554 2
c 0 1559 0
c 0 1566 2
c 0 1567 2
c 0 1568 2
c 0 1569 2
c 0 1570 2
c 0 1571 2
c 0 1577 0
c 0 1578 0
c 0 1579 0
c 0 1581 0
c 0 1582 0
c 0 1583 0
c 0 1584 2
c 0 1585 2
c 0 1587 0
c 0 1588 2
c 0 1590 2
c 0 1593 0
c 0 1596 0
c 0 1598 2
c 0 1599 2
c 0 1600 2
c 0 1601 2
c 0 1602 2
c 0 1615 2
c 0 1617 2
c 0 1620 0
c 0 1621 0
c 0 1622 0
c 0 1623 0
c 0 1624 0
c 0 1625 0
c 0 1626 0
c 0 1627 0
c 0 1631 2
c 0 1633 0
c 0 1656 2
c 0 1657 2
c 0 1658 2
c 0 1659 2
c 0 1660 2
c 0 1661 2
c 0 1666 2
c 0 1667 2
c 0 1676 0
c 0 1683 0
c 0 1686 2
c 0 1687 2
c 0 1691 0
c 0 1693 0
c 0 1695 0
c 0 1696 0
c 0 1698 0
c 0 1699 0
c 0 1700 0
c 0 1701 0
c 0 1712 2
c 0 1713 2
c 0 1716 0
c 0 1717 0
c 0 1722 2
c 0 1724 0
c 0 1731 2
c 0 1733 0
c 0 1735 2
c 0 1738 0
c 0 1747 2
c 0 1749 0
c 0 1750 2
c 0 1751 2
c 0 1752 2
c 0 1753 2
c 0 1754 2
c 0 1755 2
c 0 1758 2
c 0 1759 2
c 0 1792 0
c 0 1794 0
c 0 1795 0
c 0 1797 0
c 0 1798 0
c 0 1799 0
c 0 1805 2
c 0 1806 2
c 0 1807 2
c 0 1812 0
c 0 1813 0
c 0 1816 0
c 0 1824 2
c 0 1826 0
c 0 1834 2
c 0 1835 2
c 0 1836 0
c 0 1838 2
c 0 1839 2
c 0 1843 0
c 0 1844 2
c 0 1845 2
c 0 1848 0
c 0 1849 0
c 0 1850 0
c 0 1851 0
c 0 1853 2
c 0 1854 2
c 0 1855 2
c 0 1856 2
c 0 1857 2
c 0 1858 2
c 0 1866 0
c 0 1867 0
c 0 1869 2
c 0 1870 0
c 0 1871 0
c 0 1872 2
c 0 1873 2
c 0 1876 2
c 0 1893 0
c 0 1894 0
c 0 1895 0
c 0 1896 0
c 0 1897 0
c 0 1898 0
c 0 1899 0
c 0 1901 0
c 0 1944 2
c 0 1946 0
c 0 1949 2
c 0 1950 2
c 0 1951 2
c 0 1952 2
c 0 1953 2
c 0 1954 2
c 0 1958 2
c 0 1962 2
c 0 1970 0
c 0 1972 2
c 0 1998 0
c 0 2000 0
c 0 2001 0
c 0 2002 0
c 0 2003 0
c 0 2004 0
c 0 2005 0
c 0 2006 2
c 0 2008 2
c 0 2009 2
c 0 2011 2
c 0 2012 0
c 0 2014 0
c 0 2015 0
c 0 2016 0
c 0 2017 0
c 0 2032 2
c 0 2035 2
c 0 2036 0
c 0 2037 0
c 0 2039 2
c 0 2040 0
c 0 2044 2
c 0 2045 2
c 0 2049 2
c 0 2050 2
c 0 2051 2
c 0 2061 2
c 0 2063 0
c 0 2066 2
c 0 2067 2
c 0 2069 2
c 0 2074 0
c 0 2075 0
c 0 2076 0
c 0 2077 0
c 0 2078 0
c 0 2079 0
c 0 2080 0
c 0 2081 0
c 0 2093 2
c 0 2094 2
c 0 2095 2
c 0 2096 2
c 0 2097 2
c 0 2098 2
c 0 2099 2
c 0 2100 0
c 0 2101 0
c 0 2102 2
c 0 2103 2
c 0 2104 2
c 0 2106 0
c 0 2107 0
c 0 2115 0
c 0 2116 0
c 0 2117 0
c 0 2122 2
c 0 2127 2
c 0 2129 2
c 0 2130 2
c 0 2132 0
c 0 2133 0
c 0 2134 0
c 0 2135 0
c 0 2136 0
c 0 2137 0
c 0 2139 0
c 0 2168 2
c 0 2169 2
c 0 2171 2
c 0 2173 2
c 0 2176 0
c 0 2177 0
c 0 2178 0
c 0 2179 0
c 0 2184 2
c 0 2185 2
c 0 2186 2
c 0 2189 2
c 0 2190 2
c 0 2191 2
c 0 2192 2
c 0 2193 2
c 0 2197 0
c 0 2199 0
c 0 2200 2
c 0 2202 0
c 0 2204 0
c 0 2205 0
c 0 2207 0
c 0 2208 2
c 0 2211 2
c 0 2212 0
c 0 2224 0
c 0 2225 0
c 0 2227 0
c 0 2228 0
c 0 2237 2
c 0 2241 2
c 0 2242 2
c 0 2243 2
c 0 2244 2
c 0 2245 2
c 0 2246 2
c 0 2247 2
c 0 2254 0
c 0 2257 2
c 0 2271 0
c 0 2278 0
c 0 2287 2
c 0 2289 2
c 0 2292 0
c 0 2293 0
c 0 2294 0
c 0 2295 0
c 0 2296 0
c 0 2300 0
c 0 2301 0
c 0 2305 0
c 0 2332 2
c 0 2333 2
c 0 2335 2
c 0 2337 2
c 0 2338 2
c 0 2339 2
c 0 2340 2
c 0 2341 2
c 0 2345 0
c 0 2346 0
c 0 2347 0
c 0 2349 0
c 0 2350 0
c 0 2351 0
c 0 2354 2
c 0 2356 2
c 0 2357 2
c 0 2358 2
c 0 2359 2
c 0 2360 2
c 0 2379 0
c 0 2380 2
c 0 2388 0
c 0 2389 0
c 0 2391 0
c 0 2393 2
c 0 2395 0
c 0 2401 0
c 0 2402 0
c 0 2405 0
c 0 2408 2
c 0 2409 2
c 0 2410 2
c 0 2411 2
c 0 2413 0
c 0 2420 0
c 0 2421 0
c 0 2422 0
c 0 2424 2
c 0 2425 2
c 0 2426 0
c 0 2427 0
c 0 2428 0
c 0 2431 2
c 0 2432 2
c 0 2433 2
c 0 2434 2
c 0 2435 2
c 0 2436 2
c 0 2437 2
c 0 2460 0
c 0 2461 0
c 0 2462 0
c 0 2463 0
c 0 2464 0
c 0 2465 0
c 0 2466 0
c 0 2468 0
c 0 2470 2
c 0 2472 2
c 0 2473 2
c 0 2475 2
c 0 2476 2
c 0 2477 2
c 0 2481 0
c 0 2482 0
c 0 2484 0
c 0 2485 0
c 0 2487 2
c 0 2490 0
c 0 2494 0
c 0 2495 0
c 0 2521 2
c 0 2524 2
c 0 2525 2
c 0 2526 2
c 0 2528 2
c 0 2529 2
c 0 2530 2
c 0 2531 2
c 0 2540 0
c 0 2545 2
c 0 2558 0
c 0 2562 0
c 0 2570 0
c 0 2574 0
c 0 2577 0
c 0 2578 0
c 0 2580 0
c 0 2582 0
c 0 2584 2
c 0 2587 2
c 0 2589 2
c 0 2591 2
c 0 2592 0
c 0 2593 0
c 0 2594 0
c 0 2595 0
c 0 2598 2
c 0 2602 0
c 0 2606 2
c 0 2607 2
c 0 2608 2
c 0 2609 2
c 0 2610 2
c 0 2611 2
c 0 2612 0
c 0 2613 0
c 0 2614 2
c 0 2615 2
c 0 2616 2
c 0 2620 0
c 0 2622 2
c 0 2623 2
c 0 2629 0
c 0 2630 2
c 0 2632 0
c 0 2633 0
c 0 2636 2
c 0 2637 2
c 0 2658 0
c 0 2661 0
c 0 2662 0
c 0 2663 0
c 0 2670 2
c 0 2672 2
c 0 2673 2
c 0 2674 2
c 0 2679 0
c 0 2682 0
c 0 2684 2
c 0 2685 2
c 0 2686 0
c 0 2687 0
c 0 2689 0
c 0 2690 0
c 0 2691 0
c 0 2693 2
c 0 2694 2
c 0 2695 0
c 0 2696 0
c 0 2697 0
c 0 2698 0
c 0 2699 2
c 0 2702 0
c 0 2703 0
c 0 2720 2
c 0 2721 2
c 0 2722 2
c 0 2723 2
c 0 2724 2
c 0 2725 2
c 0 2726 2
c 0 2727 2
c 0 2731 0
c 0 2734 0
c 0 2735 0
c 0 2738 0
c 0 2739 0
c 0 2741 2
c 0 2744 2
c 0 2745 2
c 0 2746 2
c 0 2747 2
c 0 2750 0
c 0 2752 0
c 0 2753 0
c 0 2759 0
c 0 2764 2
c 0 2765 2
c 0 2766 2
c 0 2767 2
c 0 2768 0
c 0 2776 0
c 0 2781 0
c 0 2782 0
c 0 2783 0
c 0 2784 0
c 0 2785 0
c 0 2786 0
c 0 2812 2
c 0 2813 2
c 0 2814 2
c 0 2817 2
c 0 2818 2
c 0 2819 2
c 0 2820 2
c 0 2821 2
c 0 2845 0
c 0 2850 0
c 0 2851 0
c 0 2852 2
c 0 2855 2
c 0 2858 2
c 0 2859 0
c 0 2861 2
c 0 2865 0
c 0 2866 0
c 0 2868 2
c 0 2869 2
c 0 2875 0
c 0 2877 2
c 0 2878 0
c 0 2879 0
c 1 2 2
c 1 5 2
c 1 6 0
c 1 10 0
c 1 27 2
c 1 30 2
c 1 31 2
c 1 32 2
c 1 33 2
c 1 34 2
c 1 35 2
c 1 36 2
c 1 37 2
c 1 39 2
c 1 42 2
c 1 43 2
c 1 45 2
c 1 51 2
c 1 54 2
c 1 57 2
c 1 64 2
c 1 70 2
c 1 75 2
c 1 76 2
c 1 78 2
c 1 91 0
c 1 93 0
c 1 97 0
c 1 99 0
c 1 100 0
c 1 101 0
c 1 107 0
c 1 109 0
c 1 118 2
c 1 119 2
c 1 121 2
c 1 122 2
c 1 123 2
c 1 124 2
c 1 125 2
c 1 126 2
c 1 127 2
c 1 128 2
c 1 129 2
c 1 130 2
c 1 131 2
c 1 132 2
c 1 133 2
c 1 161 0
c 1 162 0
c 1 163 0
c 1 164 0
c 1 165 0
c 1 166 0
c 1 167 0
c 1 168 0
c 1 169 0
c 1 170 0
c 1 171 0
c 1 174 2
c 1 176 0
c 1 177 0
c 1 178 0
c 1 179 0
c 1 180 0
c 1 181 0
c 1 183 0
c 1 186 0
c 1 187 0
c 1 188 0
c 1 189 0
c 1 190 0
c 1 194 2
c 1 196 0
c 1 197 0
c 1 198 0
c 1 200 0
c 1 201 0
c 1 203 0
c 1 204 0
c 1 214 2
c 1 215 2
c 1 216 2
c 1 217 2
c 1 218 2
c 1 219 2
c 1 220 2
c 1 221 2
c 1 222 2
c 1 223 2
c 1 224 2
c 1 225 2
c 1 226 2
c 1 227 2
c 1 228 2
c 1 229 2
c 1 234 0
c 1 235 0
c 1 245 0
c 1 252 0
c 1 253 0
c 1 254 0
c 1 260 0
c 1 261 0
c 1 268 2
c 1 269 2
c 1 282 2
c 1 283 2
c 1 284 2
c 1 285 2
c 1 290 2
c 1 291 2
c 1 312 2
c 1 313 2
c 1 316 2
c 1 317 2
c 1 318 2
c 1 319 2
c 1 320 2
c 1 321 2
c 1 322 2
c 1 323 2
c 1 328 2
c 1 329 2
c 1 344 0
c 1 345 0
c 1 346 0
c 1 347 0
c 1 348 0
c 1 349 0
c 1 350 0
c 1 351 0
c 1 352 0
c 1 353 0
c 1 354 0
c 1 355 0
c 1 356 0
c 1 357 0
c 1 358 0
c 1 359 0
c 1 364 0
c 1 366 0
c 1 367 0
c 1 371 2
c 1 376 0
c 1 377 0
c 1 381 2
c 1 384 2
c 1 386 0
c 1 389 0
c 1 390 0
c 1 391 0
c 1 396 0
c 1 398 0
c 1 399 0
c 1 402 0
c 1 403 0
c 1 407 0
c 1 414 2
c 1 415 2
c 1 416 2
c 1 417 2
c 1 418 2
c 1 419 2
c 1 420 2
c 1 421 2
c 1 422 2
c 1 423 2
c 1 424 2
c 1 425 2
c 1 427 2
c 1 428 2
c 1 433 2
c 1 456 2
c 1 460 2
c 1 462 2
c 1 463 2
c 1 464 2
c 1 465 2
c 1 466 2
c 1 467 2
c 1 471 2
c 1 478 2
c 1 479 2
c 1 483 0
c 1 498 2
c 1 499 2
c 1 502 0
c 1 503 0
c 1 506 0
c 1 508 0
c 1 509 0
c 1 512 2
c 1 513 2
c 1 514 2
c 1 515 2
c 1 516 2
c 1 517 2
c 1 558 0
c 1 559 0
c 1 560 0
c 1 561 0
c 1 562 0
c 1 563 0
c 1 565 2
c 1 566 0
c 1 567 0
c 1 568 0
c 1 569 0
c 1 570 0
c 1 571 0
c 1 572 0
c 1 573 0
c 1 574 0
c 1 575 0
c 1 576 2
c 1 577 2
c 1 585 0
c 1 586 0
c 1 587 0
c 1 588 0
c 1 589 0
c 1 590 0
c 1 591 0
c 1 592 0
c 1 593 0
c 1 594 0
c 1 595 0
c 1 596 0
c 1 597 0
c 1 600 2
c 1 602 2
c 1 604 2
c 1 605 2
c 1 606 2
c 1 607 2
c 1 608 2
c 1 609 2
c 1 610 2
c 1 611 2
c 1 612 2
c 1 613 2
c 1 614 2
c 1 615 2
c 1 616 2
c 1 617 2
c 1 618 2
c 1 619 2
c 1 620 2
c 1 621 2
c 1 622 2
c 1 623 2
c 1 629 2
c 1 630 2
c 1 631 2
c 1 634 2
c 1 636 0
c 1 637 0
c 1 638 0
c 1 640 0
c 1 641 0
c 1 642 0
c 1 643 0
c 1 644 0
c 1 647 0
c 1 648 2
c 1 650 2
c 1 652 2
c 1 654 2
c 1 655 2
c 1 656 2
c 1 657 2
c 1 658 2
c 1 659 2
c 1 660 0
c 1 662 0
c 1 663 0
c 1 664 0
c 1 666 0
c 1 667 0
c 1 668 0
c 1 669 0
c 1 670 0
c 1 671 0
c 1 672 0
c 1 673 0
c 1 676 0
c 1 677 0
c 1 678 0
c 1 679 0
c 1 680 0
c 1 681 0
c 1 682 0
c 1 683 0
c 1 684 0
c 1 685 0
c 1 686 0
c 1 687 0
c 1 689 0
c 1 690 0
c 1 691 0
c 1 692 0
c 1 702 2
c 1 704 2
c 1 705 2
c 1 706 2
c 1 707 2
c 1 708 2
c 1 709 2
c 1 710 2
c 1 711 2
c 1 712 2
c 1 726 2
c 1 732 0
c 1 735 0
c 1 737 0
c 1 739 0
c 1 740 0
c 1 741 0
c 1 742 0
c 1 743 0
c 1 744 0
c 1 745 0
c 1 746 2
c 1 750 0
c 1 751 0
c 1 753 2
c 1 754 2
c 1 769 2
c 1 780 2
c 1 781 2
c 1 782 2
c 1 783 2
c 1 784 2
c 1 785 2
c 1 788 2
c 1 790 2
c 1 792 2
c 1 793 2
c 1 794 2
c 1 795 2
c 1 796 2
c 1 797 2
c 1 798 2
c 1 799 2
c 1 800 2
c 1 801 2
c 1 802 2
c 1 803 2
c 1 805 2
c 1 806 2
c 1 807 2
c 1 828 0
c 1 829 0
c 1 830 0
c 1 831 0
c 1 832 0
c 1 833 0
c 1 834 0
c 1 835 0
c 1 836 0
c 1 837 0
c 1 838 0
c 1 839 0
c 1 840 0
c 1 841 0
c 1 842 0
c 1 843 0
c 1 844 0
c 1 845 0
c 1 846 0
c 1 847 0
c 1 848 2
c 1 849 2
c 1 850 0
c 1 852 0
c 1 853 0
c 1 878 2
c 1 879 2
c 1 880 2
c 1 881 2
c 1 882 2
c 1 883 2
c 1 884 2
c 1 889 2
c 1 890 2
c 1 891 2
c 1 892 2
c 1 893 2
c 1 894 2
c 1 895 2
c 1 896 2
c 1 897 2
c 1 898 2
c 1 899 2
c 1 900 2
c 1 901 2
c 1 903 2
c 1 920 0
c 1 921 0
c 1 922 0
c 1 923 0
c 1 924 0
c 1 925 0
c 1 926 0
c 1 927 0
c 1 928 0
c 1 929 0
c 1 930 0
c 1 931 0
c 1 935 2
c 1 942 2
c 1 943 2
c 1 944 2
c 1 945 2
c 1 946 2
c 1 947 2
c 1 958 2
c 1 963 2
c 1 965 2
c 1 982 2
c 1 983 2
c 1 994 2
c 1 995 2
c 1 1010 0
c 1 1018 0
c 1 1019 0
c 1 1020 0
c 1 1021 0
c 1 1022 0
c 1 1023 0
c 1 1024 0
c 1 1025 0
c 1 1026 0
c 1 1027 0
c 1 1028 0
c 1 1029 0
c 1 1030 0
c 1 1031 0
c 1 1032 0
c 1 1033 0
c 1 1034 0
c 1 1035 0
c 1 1045 0
c 1 1048 0
c 1 1057 2
c 1 1058 0
c 1 1060 2
c 1 1061 2
c 1 1062 0
c 1 1063 2
c 1 1065 2
c 1 1068 2
c 1 1074 0
c 1 1075 2
c 1 1087 2
c 1 1092 2
c 1 1093 2
c 1 1094 2
c 1 1096 2
c 1 1102 0
c 1 1103 0
c 1 1104 0
c 1 1105 0
c 1 1111 2
c 1 1112 2
c 1 1114 0
c 1 1115 0
c 1 1116 0
c 1 1117 0
c 1 1118 0
c 1 1120 0
c 1 1121 0
c 1 1122 0
c 1 1123 0
c 1 1124 0
c 1 1125 0
c 1 1126 0
c 1 1127 0
c 1 1129 0
c 1 1134 2
c 1 1135 2
c 1 1136 2
c 1 1138 2
c 1 1139 2
c 1 1142 2
c 1 1144 2
c 1 1146 2
c 1 1147 2
c 1 1155 2
c 1 1158 0
c 1 1160 0
c 1 1162 2
c 1 1163 0
c 1 1165 2
c 1 1170 2
c 1 1173 0
c 1 1174 0
c 1 1177 0
c 1 1181 0
c 1 1184 2
c 1 1185 2
c 1 1186 2
c 1 1187 2
c 1 1188 2
c 1 1189 2
c 1 1190 2
c 1 1191 2
c 1 1192 2
c 1 1196 2
c 1 1200 2
c 1 1204 2
c 1 1205 2
c 1 1206 2
c 1 1207 2
c 1 1224 2
c 1 1225 2
c 1 1226 2
c 1 1227 2
c 1 1228 2
c 1 1229 2
c 1 1238 0
c 1 1252 0
c 1 1254 0
c 1 1257 0
c 1 1258 0
c 1 1259 0
c 1 1261 0
c 1 1262 0
c 1 1264 0
c 1 1265 0
c 1 1266 0
c 1 1267 0
c 1 1275 2
c 1 1276 2
c 1 1277 2
c 1 1278 2
c 1 1279 2
c 1 1280 2
c 1 1281 2
c 1 1282 2
c 1 1283 2
c 1 1284 2
c 1 1285 2
c 1 1286 2
c 1 1287 2
c 1 1311 0
c 1 1314 0
c 1 1315 0
c 1 1316 0
c 1 1317 0
c 1 1318 0
c 1 1319 0
c 1 1320 0
c 1 1321 0
c 1 1324 0
c 1 1325 0
c 1 1326 0
c 1 1327 0
c 1 1328 0
c 1 1330 0
c 1 1331 0
c 1 1332 2
c 1 1333 2
c 1 1334 0
c 1 1336 0
c 1 1337 0
c 1 1338 0
c 1 1339 0
c 1 1340 0
c 1 1342 0
c 1 1346 0
c 1 1347 0
c 1 1349 0
c 1 1350 0
c 1 1351 0
c 1 1352 0
c 1 1353 0
c 1 1356 2
c 1 1362 2
c 1 1363 2
c 1 1364 2
c 1 1365 2
c 1 1366 2
c 1 1368 2
c 1 1369 2
c 1 1374 2
c 1 1375 2
c 1 1376 2
c 1 1377 2
c 1 1378 2
c 1 1379 2
c 1 1382 2
c 1 1383 2
c 1 1386 2
c 1 1387 2
c 1 1391 2
c 1 1399 2
c 1 1404 0
c 1 1405 0
c 1 1406 0
c 1 1407 0
c 1 1408 0
c 1 1409 0
c 1 1410 0
c 1 1411 0
c 1 1412 0
c 1 1413 0
c 1 1414 0
c 1 1415 0
c 1 1416 0
c 1 1417 0
c 1 1418 0
c 1 1419 0
c 1 1422 2
c 1 1423 2
c 1 1424 2
c 1 1428 0
c 1 1429 0
c 1 1434 0
c 1 1435 0
c 1 1437 0
c 1 1438 2
c 1 1439 2
c 1 1440 2
c 1 1443 0
c 1 1444 0
c 1 1445 0
c 1 1446 2
c 1 1447 0
c 1 1458 2
c 1 1460 2
c 1 1461 2
c 1 1463 0
c 1 1466 0
c 1 1467 0
c 1 1468 0
c 1 1469 0
c 1 1476 2
c 1 1477 2
c 1 1478 2
c 1 1479 2
c 1 1486 0
c 1 1487 0
c 1 1490 0
c 1 1491 0
c 1 1543 2
c 1 1544 2
c 1 1566 2
c 1 1567 2
c 1 1568 2
c 1 1569 2
c 1 1570 2
c 1 1571 2
c 1 1582 0
c 1 1584 2
c 1 1585 2
c 1 1600 2
c 1 1601 2
c 1 1612 2
c 1 1615 2
c 1 1616 2
c 1 1622 0
c 1 1627 0
c 1 1628 0
c 1 1629 0
c 1 1630 2
c 1 1635 0
c 1 1652 2
c 1 1653 2
c 1 1655 2
c 1 1656 2
c 1 1657 2
c 1 1658 2
c 1 1659 2
c 1 1660 2
c 1 1661 2
c 1 1662 2
c 1 1663 2
c 1 1664 2
c 1 1665 2
c 1 1666 2
c 1 1667 2
c 1 1686 2
c 1 1687 2
c 1 1692 0
c 1 1694 0
c 1 1695 0
c 1 1696 0
c 1 1698 0
c 1 1699 0
c 1 1701 0
c 1 1702 0
c 1 1703 0
c 1 1709 0
c 1 1714 0
c 1 1715 0
c 1 1716 0
c 1 1717 0
c 1 1718 0
c 1 1719 0
c 1 1720 0
c 1 1721 0
c 1 1730 0
c 1 1732 2
c 1 1734 0
c 1 1736 2
c 1 1746 2
c 1 1747 2
c 1 1750 2
c 1 1751 2
c 1 1752 2
c 1 1753 2
c 1 1754 2
c 1 1755 2
c 1 1756 2
c 1 1758 2
c 1 1759 2
c 1 1760 2
c 1 1761 2
c 1 1763 2
c 1 1764 2
c 1 1765 2
c 1 1780 2
c 1 1781 2
c 1 1792 0
c 1 1796 0
c 1 1813 0
c 1 1818 0
c 1 1819 2
c 1 1820 2
c 1 1825 2
c 1 1829 0
c 1 1833 0
c 1 1834 2
c 1 1835 2
c 1 1836 0
c 1 1837 0
c 1 1838 2
c 1 1839 2
c 1 1842 0
c 1 1845 2
c 1 1848 0
c 1 1849 0
c 1 1850 0
c 1 1851 0
c 1 1854 2
c 1 1855 2
c 1 1856 2
c 1 1857 2
c 1 1866 0
c 1 1867 0
c 1 1868 0
c 1 1872 2
c 1 1873 2
c 1 1888 0
c 1 1892 0
c 1 1893 0
c 1 1894 0
c 1 1895 0
c 1 1896 0
c 1 1897 0
c 1 1898 0
c 1 1899 0
c 1 1900 0
c 1 1901 0
c 1 1902 0
c 1 1903 0
c 1 1904 0
c 1 1905 0
c 1 1906 0
c 1 1907 0
c 1 1933 2
c 1 1934 2
c 1 1936 2
c 1 1938 2
c 1 1941 2
c 1 1943 2
c 1 1944 2
c 1 1945 2
c 1 1950 2
c 1 1951 2
c 1 1952 2
c 1 1953 2
c 1 1955 2
c 1 1958 2
c 1 1959 2
c 1 1962 2
c 1 1963 2
c 1 1964 2
c 1 1965 2
c 1 1973 2
c 1 1988 0
c 1 1996 0
c 1 1997 0
c 1 1998 0
c 1 1999 0
c 1 2000 0
c 1 2001 0
c 1 2002 0
c 1 2003 0
c 1 2004 0
c 1 2005 0
c 1 2006 0
c 1 2007 0
c 1 2010 0
c 1 2011 0
c 1 2012 0
c 1 2013 0
c 1 2014 0
c 1 2015 0
c 1 2016 0
c 1 2017 0
c 1 2018 0
c 1 2019 0
c 1 2020 0
c 1 2021 0
c 1 2022 0
c 1 2023 0
c 1 2024 0
c 1 2043 2
c 1 2044 2
c 1 2045 2
c 1 2048 2
c 1 2049 2
c 1 2050 2
c 1 2051 2
c 1 2055 2
c 1 2056 2
c 1 2057 2
c 1 2060 2
c 1 2061 2
c 1 2064 2
c 1 2066 2
c 1 2067 2
c 1 2068 2
c 1 2069 2
c 1 2070 2
c 1 2071 2
c 1 2074 0
c 1 2075 0
c 1 2076 0
c 1 2077 0
c 1 2078 0
c 1 2079 0
c 1 2080 0
c 1 2081 0
c 1 2082 0
c 1 2083 0
c 1 2084 0
c 1 2085 0
c 1 2086 0
c 1 2087 0
c 1 2090 0
c 1 2094 2
c 1 2096 2
c 1 2097 2
c 1 2098 2
c 1 2099 2
c 1 2100 0
c 1 2101 0
c 1 2106 0
c 1 2107 0
c 1 2108 2
c 1 2109 0
c 1 2110 2
c 1 2115 0
c 1 2116 0
c 1 2117 0
c 1 2119 2
c 1 2124 2
c 1 2125 2
c 1 2131 2
c 1 2132 0
c 1 2134 0
c 1 2135 0
c 1 2136 0
c 1 2137 0
c 1 2138 0
c 1 2139 0
c 1 2170 2
c 1 2171 2
c 1 2188 2
c 1 2189 2
c 1 2190 2
c 1 2191 2
c 1 2192 2
c 1 2193 2
c 1 2194 2
c 1 2195 2
c 1 2204 0
c 1 2205 0
c 1 2208 0
c 1 2211 0
c 1 2213 0
c 1 2214 0
c 1 2219 0
c 1 2222 2
c 1 2224 2
c 1 2225 0
c 1 2226 0
c 1 2227 0
c 1 2228 0
c 1 2229 0
c 1 2242 2
c 1 2243 2
c 1 2244 2
c 1 2245 2
c 1 2246 2
c 1 2247 2
c 1 2262 2
c 1 2263 2
c 1 2272 0
c 1 2289 2
c 1 2292 0
c 1 2293 0
c 1 2300 0
c 1 2301 0
c 1 2302 0
c 1 2305 0
c 1 2306 0
c 1 2307 0
c 1 2332 2
c 1 2333 2
c 1 2334 2
c 1 2335 2
c 1 2337 2
c 1 2338 2
c 1 2339 2
c 1 2340 2
c 1 2341 2
c 1 2343 2
c 1 2356 2
c 1 2357 2
c 1 2358 2
c 1 2359 2
c 1 2360 2
c 1 2361 2
c 1 2362 2
c 1 2363 2
c 1 2364 2
c 1 2365 2
c 1 2367 2
c 1 2372 2
c 1 2373 2
c 1 2391 0
c 1 2401 2
c 1 2402 0
c 1 2404 0
c 1 2405 0
c 1 2413 0
c 1 2426 0
c 1 2427 0
c 1 2430 2
c 1 2431 2
c 1 2432 2
c 1 2433 2
c 1 2434 2
c 1 2435 2
c 1 2436 2
c 1 2437 2
c 1 2458 0
c 1 2460 0
c 1 2461 0
c 1 2462 0
c 1 2463 0
c 1 2464 0
c 1 2465 0
c 1 2466 0
c 1 2467 0
c 1 2468 0
c 1 2469 0
c 1 2470 0
c 1 2471 0
c 1 2472 0
c 1 2480 0
c 1 2481 0
c 1 2483 0
c 1 2484 0
c 1 2485 0
c 1 2489 0
c 1 2490 0
c 1 2493 0
c 1 2495 0
c 1 2496 0
c 1 2497 2
c 1 2498 0
c 1 2502 0
c 1 2509 2
c 1 2510 2
c 1 2511 2
c 1 2514 2
c 1 2515 2
c 1 2518 2
c 1 2520 2
c 1 2521 2
c 1 2524 2
c 1 2525 2
c 1 2526 2
c 1 2527 2
c 1 2528 2
c 1 2529 2
c 1 2530 2
c 1 2531 2
c 1 2532 2
c 1 2533 2
c 1 2534 2
c 1 2535 2
c 1 2536 2
c 1 2537 2
c 1 2538 2
c 1 2539 2
c 1 2544 2
c 1 2545 2
c 1 2555 0
c 1 2562 0
c 1 2574 0
c 1 2575 0
c 1 2577 0
c 1 2578 0
c 1 2579 0
c 1 2581 0
c 1 2582 0
c 1 2583 0
c 1 2589 2
c 1 2590 2
c 1 2594 0
c 1 2600 2
c 1 2602 0
c 1 2603 0
c 1 2606 2
c 1 2607 2
c 1 2608 2
c 1 2609 2
c 1 2610 2
c 1 2611 2
c 1 2612 0
c 1 2613 0
c 1 2614 2
c 1 2615 2
c 1 2616 2
c 1 2617 2
c 1 2622 2
c 1 2623 2
c 1 2624 2
c 1 2625 2
c 1 2628 0
c 1 2629 0
c 1 2630 2
c 1 2631 2
c 1 2661 0
c 1 2662 0
c 1 2663 0
c 1 2666 0
c 1 2667 0
c 1 2669 0
c 1 2670 2
c 1 2671 2
c 1 2672 2
c 1 2674 2
c 1 2675 2
c 1 2676 0
c 1 2678 0
c 1 2679 0
c 1 2680 0
c 1 2681 0
c 1 2682 0
c 1 2684 0
c 1 2685 0
c 1 2686 0
c 1 2687 0
c 1 2688 0
c 1 2689 0
c 1 2690 0
c 1 2691 0
c 1 2692 0
c 1 2693 0
c 1 2694 0
c 1 2695 0
c 1 2696 0
c 1 2697 0
c 1 2698 0
c 1 2699 0
c 1 2700 0
c 1 2701 0
c 1 2702 0
c 1 2703 0
c 1 2704 0
c 1 2720 2
c 1 2721 2
c 1 2722 2
c 1 2723 2
c 1 2724 2
c 1 2725 2
c 1 2726 2
c 1 2727 2
c 1 2728 2
c 1 2729 2
c 1 2731 2
c 1 2732 2
c 1 2743 2
c 1 2744 2
c 1 2745 2
c 1 2746 2
c 1 2766 2
c 1 2782 0
c 1 2786 0
c 1 2787 0
c 1 2795 0
c 1 2810 2
c 1 2812 2
c 1 2813 2
c 1 2814 2
c 1 2815 2
c 1 2816 2
c 1 2817 2
c 1 2818 2
c 1 2819 2
c 1 2820 2
c 1 2821 2
c 1 2822 2
c 1 2823 2
c 1 2824 2
c 1 2825 2
c 1 2874 0
c 1 2876 2
c 1 2878 0
c 1 2879 0
