ppoi 6 6 2 50 20
sched 50 20
r 0 103 1 0
r 1 184 3 3 3 3
r 2 390 2 3 3
r 3 492 3 3 3 3
r 4 95 3 3 3 3
r 5 200 1 3
r 6 109 2 1 1
r 7 380 1 1
r 8 289 2 3 3
r 9 393 1 1
r 10 482 1 3
r 11 93 2 4 4
r 12 384 3 3 3 3
r 13 283 3 3 3 3
r 14 491 2 4 4
r 15 201 2 1 1
r 16 489 2 1 1
r 17 199 1 0
r 18 476 3 3 3 3
r 19 386 1 0
r 20 197 3 4 4 4
r 21 496 3 3 3 3
r 22 206 1 3
r 23 399 3 3 3 3
r 24 376 3 4 4 4
r 25 297 3 4 4 4
r 26 476 3 4 4 4
r 27 191 2 1 1
r 28 206 2 1 1
r 29 98 3 4 4 4
r 30 386 3 4 4 4
r 31 392 1 0
r 32 184 2 3 3
r 33 111 2 4 4
r 34 292 1 1
r 35 93 1 0
r 36 108 1 1
r 37 185 1 1
r 38 89 3 3 3 3
r 39 484 2 4 4
r 40 496 1 0
r 41 193 3 3 3 3
r 42 188 2 3 3
r 43 202 2 3 3
r 44 388 2 1 1
r 45 110 2 4 4
r 46 103 1 3
r 47 192 1 0
r 48 204 3 4 4 4
r 49 287 1 1
a 0 1155 1 1
a 1 306 1 0
a 2 2793 3 3 3 3
a 3 2502 2 1 1
a 4 2488 3 3 3 3
a 5 2226 3 4 4 4
a 6 2784 1 0
a 7 399 1 1
a 8 1445 1 3
a 9 2782 3 3 3 3
a 10 1625 2 4 4
a 11 1641 2 0 1
a 12 1816 1 1
a 13 210 3 4 4 4
a 14 2123 3 4 4 4
a 15 2302 1 1
a 16 2784 1 1
a 17 1072 2 4 4
a 18 1635 2 4 4
a 19 308 2 1 1
c 0 30 2
c 0 31 2
c 0 32 2
c 0 33 2
c 0 34 2
c 0 35 2
c 0 36 2
c 0 37 2
c 0 88 0
c 0 90 0
c 0 91 0
c 0 92 0
c 0 93 0
c 0 95 0
c 0 96 0
c 0 97 0
c 0 121 2
c 0 123 2
c 0 126 2
c 0 127 2
c 0 128 2
c 0 129 2
c 0 130 2
c 0 131 2
c 0 162 0
c 0 164 0
c 0 165 0
c 0 166 0
c 0 167 0
c 0 168 0
c 0 169 0
c 0 170 2
c 0 171 2
c 0 172 2
c 0 173 2
c 0 174 2
c 0 175 2
c 0 176 0
c 0 178 0
c 0 179 0
c 0 180 2
c 0 183 0
c 0 185 2
c 0 187 2
c 0 189 0
c 0 190 0
c 0 191 2
c 0 192 0
c 0 198 0
c 0 200 0
c 0 201 0
c 0 203 0
c 0 215 2
c 0 222 2
c 0 223 2
c 0 224 2
c 0 226 2
c 0 227 2
c 0 228 2
c 0 229 2
c 0 239 0
c 0 243 0
c 0 244 2
c 0 248 0
c 0 250 0
c 0 251 0
c 0 252 0
c 0 253 0
c 0 255 0
c 0 259 0
c 0 268 2
c 0 269 2
c 0 270 2
c 0 271 2
c 0 273 0
c 0 274 2
c 0 275 2
c 0 280 0
c 0 282 2
c 0 283 2
c 0 284 2
c 0 285 2
c 0 292 0
c 0 293 0
c 0 294 0
c 0 296 2
c 0 298 0
c 0 300 0
c 0 301 2
c 0 302 0
c 0 303 0
c 0 304 2
c 0 306 0
c 0 307 0
c 0 308 0
c 0 309 0
c 0 312 2
c 0 317 2
c 0 318 2
c 0 319 2
c 0 320 2
c 0 321 2
c 0 322 2
c 0 323 2
c 0 327 0
c 0 329 2
c 0 348 0
c 0 351 0
c 0 352 0
c 0 353 0
c 0 354 0
c 0 355 0
c 0 356 0
c 0 357 0
c 0 361 2
c 0 363 2
c 0 364 2
c 0 365 2
c 0 366 0
c 0 367 0
c 0 368 2
c 0 370 2
c 0 371 2
c 0 373 2
c 0 374 0
c 0 375 2
c 0 376 0
c 0 377 0
c 0 378 0
c 0 379 0
c 0 384 0
c 0 385 0
c 0 389 2
c 0 390 0
c 0 395 2
c 0 403 0
c 0 404 2
c 0 406 0
c 0 414 2
c 0 415 2
c 0 416 2
c 0 417 2
c 0 418 2
c 0 419 2
c 0 420 2
c 0 421 2
c 0 438 0
c 0 439 0
c 0 440 0
c 0 441 0
c 0 442 0
c 0 443 0
c 0 445 0
c 0 448 0
c 0 456 2
c 0 460 2
c 0 461 2
c 0 462 2
c 0 464 2
c 0 465 2
c 0 466 2
c 0 467 2
c 0 472 0
c 0 474 0
c 0 478 2
c 0 479 2
c 0 482 0
c 0 488 0
c 0 499 0
c 0 500 0
c 0 501 0
c 0 502 0
c 0 503 0
c 0 506 0
c 0 511 2
c 0 512 2
c 0 513 2
c 0 514 2
c 0 515 2
c 0 516 2
c 0 517 2
c 0 518 2
c 0 523 0
c 0 525 2
c 0 547 0
c 0 552 2
c 0 558 0
c 0 559 0
c 0 560 0
c 0 561 0
c 0 563 2
c 0 564 2
c 0 565 2
c 0 566 0
c 0 567 0
c 0 568 0
c 0 569 0
c 0 570 0
c 0 576 2
c 0 577 2
c 0 578 2
c 0 580 2
c 0 582 2
c 0 583 2
c 0 587 0
c 0 589 2
c 0 590 0
c 0 591 0
c 0 592 0
c 0 593 0
c 0 594 0
c 0 595 0
c 0 596 0
c 0 597 0
c 0 606 2
c 0 607 2
c 0 608 2
c 0 609 2
c 0 610 2
c 0 611 2
c 0 612 2
c 0 613 2
c 0 637 0
c 0 638 0
c 0 640 0
c 0 641 0
c 0 643 0
c 0 644 2
c 0 645 0
c 0 646 0
c 0 648 2
c 0 649 2
c 0 650 2
c 0 651 0
c 0 652 2
c 0 653 2
c 0 654 2
c 0 655 2
c 0 661 0
c 0 662 0
c 0 663 0
c 0 664 0
c 0 666 0
c 0 667 0
c 0 668 0
c 0 669 0
c 0 672 2
c 0 673 2
c 0 674 2
c 0 676 2
c 0 677 2
c 0 678 0
c 0 679 0
c 0 682 0
c 0 683 0
c 0 684 0
c 0 688 2
c 0 691 0
c 0 702 2
c 0 703 2
c 0 704 2
c 0 705 2
c 0 706 2
c 0 707 2
c 0 708 2
c 0 709 2
c 0 732 0
c 0 733 0
c 0 736 0
c 0 737 2
c 0 738 0
c 0 740 0
c 0 741 0
c 0 742 0
c 0 743 0
c 0 747 2
c 0 750 0
c 0 751 0
c 0 752 2
c 0 753 2
c 0 754 2
c 0 755 2
c 0 756 0
c 0 757 0
c 0 758 0
c 0 761 0
c 0 787 2
c 0 789 2
c 0 790 0
c 0 795 2
c 0 796 2
c 0 797 2
c 0 798 2
c 0 799 2
c 0 800 2
c 0 801 2
c 0 811 0
c 0 817 2
c 0 828 0
c 0 829 0
c 0 830 0
c 0 831 0
c 0 832 0
c 0 833 0
c 0 834 0
c 0 835 0
c 0 839 2
c 0 840 2
c 0 842 0
c 0 845 2
c 0 846 0
c 0 847 0
c 0 848 2
c 0 849 2
c 0 850 0
c 0 851 0
c 0 878 2
c 0 879 2
c 0 881 2
c 0 882 2
c 0 883 2
c 0 885 0
c 0 886 0
c 0 887 0
c 0 889 0
c 0 890 2
c 0 891 2
c 0 894 2
c 0 895 2
c 0 897 2
c 0 898 2
c 0 899 2
c 0 920 0
c 0 921 0
c 0 922 0
c 0 923 0
c 0 924 0
c 0 925 0
c 0 926 0
c 0 927 0
c 0 936 2
c 0 942 2
c 0 943 2
c 0 944 2
c 0 945 2
c 0 946 2
c 0 947 2
c 0 952 0
c 0 953 0
c 0 957 0
c 0 958 0
c 0 959 2
c 0 960 2
c 0 962 2
c 0 964 2
c 0 968 0
c 0 969 0
c 0 970 0
c 0 974 0
c 0 976 0
c 0 977 2
c 0 981 2
c 0 982 2
c 0 983 2
c 0 984 2
c 0 985 2
c 0 988 0
c 0 989 0
c 0 993 2
c 0 994 2
c 0 998 0
c 0 1003 2
c 0 1018 0
c 0 1019 0
c 0 1020 2
c 0 1021 0
c 0 1024 0
c 0 1025 0
c 0 1026 0
c 0 1029 0
c 0 1030 0
c 0 1031 0
c 0 1041 2
c 0 1042 2
c 0 1043 2
c 0 1045 2
c 0 1048 0
c 0 1050 0
c 0 1052 2
c 0 1056 0
c 0 1057 0
c 0 1060 2
c 0 1062 0
c 0 1063 0
c 0 1065 2
c 0 1066 2
c 0 1067 0
c 0 1074 0
c 0 1084 2
c 0 1086 2
c 0 1087 2
c 0 1088 0
c 0 1090 0
c 0 1092 2
c 0 1093 2
c 0 1094 2
c 0 1095 2
c 0 1096 2
c 0 1097 2
c 0 1100 0
c 0 1103 0
c 0 1104 2
c 0 1105 0
c 0 1106 0
c 0 1107 2
c 0 1108 2
c 0 1109 2
c 0 1111 2
c 0 1114 0
c 0 1116 0
c 0 1117 0
c 0 1120 0
c 0 1121 0
c 0 1122 2
c 0 1123 2
c 0 1124 0
c 0 1125 0
c 0 1126 0
c 0 1127 0
c 0 1128 0
c 0 1134 2
c 0 1135 2
c 0 1136 2
c 0 1137 2
c 0 1138 2
c 0 1139 2
c 0 1140 2
c 0 1144 0
c 0 1145 0
c 0 1146 2
c 0 1147 2
c 0 1153 2
c 0 1156 0
c 0 1158 0
c 0 1162 0
c 0 1165 0
c 0 1166 0
c 0 1167 0
c 0 1172 0
c 0 1173 0
c 0 1184 2
c 0 1185 2
c 0 1186 2
c 0 1187 2
c 0 1188 2
c 0 1189 2
c 0 1190 2
c 0 1191 2
c 0 1194 0
c 0 1197 2
c 0 1198 0
c 0 1199 0
c 0 1203 0
c 0 1204 2
c 0 1206 2
c 0 1207 2
c 0 1212 0
c 0 1215 0
c 0 1218 2
c 0 1221 2
c 0 1247 0
c 0 1250 0
c 0 1251 0
c 0 1252 0
c 0 1253 0
c 0 1254 0
c 0 1258 2
c 0 1259 0
c 0 1262 0
c 0 1265 0
c 0 1276 2
c 0 1278 2
c 0 1279 2
c 0 1281 2
c 0 1282 2
c 0 1283 2
c 0 1284 2
c 0 1285 2
c 0 1311 0
c 0 1312 2
c 0 1316 0
c 0 1317 0
c 0 1318 0
c 0 1319 0
c 0 1320 0
c 0 1321 0
c 0 1322 2
c 0 1323 2
c 0 1325 0
c 0 1326 2
c 0 1327 2
c 0 1328 2
c 0 1329 0
c 0 1330 0
c 0 1331 0
c 0 1332 2
c 0 1333 2
c 0 1335 0
c 0 1336 0
c 0 1337 0
c 0 1338 0
c 0 1339 0
c 0 1340 2
c 0 1341 2
c 0 1344 2
c 0 1345 2
c 0 1346 0
c 0 1347 0
c 0 1348 2
c 0 1349 2
c 0 1350 0
c 0 1351 0
c 0 1352 0
c 0 1353 0
c 0 1362 2
c 0 1363 2
c 0 1366 2
c 0 1367 2
c 0 1368 2
c 0 1369 2
c 0 1370 0
c 0 1371 0
c 0 1372 2
c 0 1373 0
c 0 1374 2
c 0 1376 2
c 0 1377 2
c 0 1378 2
c 0 1405 0
c 0 1406 0
c 0 1407 0
c 0 1408 0
c 0 1409 0
c 0 1411 0
c 0 1412 0
c 0 1414 0
c 0 1422 2
c 0 1423 2
c 0 1424 2
c 0 1425 2
c 0 1426 2
c 0 1427 2
c 0 1428 0
c 0 1429 2
c 0 1430 2
c 0 1431 2
c 0 1434 0
c 0 1435 0
c 0 1436 0
c 0 1438 0
c 0 1439 0
c 0 1440 0
c 0 1441 0
c 0 1445 2
c 0 1451 0
c 0 1452 0
c 0 1458 2
c 0 1460 2
c 0 1461 2
c 0 1463 2
c 0 1466 0
c 0 1467 0
c 0 1468 0
c 0 1469 0
c 0 1472 2
c 0 1473 2
c 0 1476 2
c 0 1477 2
c 0 1478 2
c 0 1479 2
c 0 1480 2
c 0 1481 2
c 0 1484 0
c 0 1485 0
c 0 1486 0
c 0 1488 2
c 0 1489 2
c 0 1490 0
c 0 1491 0
c 0 1492 0
c 0 1498 2
c 0 1499 2
c 0 1506 0
c 0 1507 0
c 0 1512 0
c 0 1516 2
c 0 1517 2
c 0 1524 0
c 0 1525 0
c 0 1535 0
c 0 1541 0
c 0 1542 0
c 0 1555 2
c 0 1558 0
c 0 1566 2
c 0 1567 2
c 0 1568 2
c 0 1569 2
c 0 1570 2
c 0 1571 2
c 0 1574 0
c 0 1576 0
c 0 1578 0
c 0 1579 0
c 0 1582 0
c 0 1583 0
c 0 1584 2
c 0 1585 2
c 0 1586 0
c 0 1587 0
c 0 1598 2
c 0 1601 2
c 0 1603 2
c 0 1606 2
c 0 1607 2
c 0 1612 2
c 0 1613 2
c 0 1615 2
c 0 1620 0
c 0 1622 0
c 0 1625 0
c 0 1626 0
c 0 1627 0
c 0 1630 0
c 0 1631 0
c 0 1633 0
c 0 1657 2
c 0 1658 2
c 0 1659 2
c 0 1660 2
c 0 1661 2
c 0 1662 2
c 0 1663 2
c 0 1665 0
c 0 1666 2
c 0 1667 2
c 0 1684 0
c 0 1686 2
c 0 1694 0
c 0 1695 0
c 0 1697 0
c 0 1698 0
c 0 1699 0
c 0 1701 0
c 0 1702 0
c 0 1706 2
c 0 1707 2
c 0 1711 2
c 0 1712 2
c 0 1716 0
c 0 1717 0
c 0 1721 0
c 0 1722 0
c 0 1723 0
c 0 1724 2
c 0 1725 2
c 0 1728 0
c 0 1729 0
c 0 1746 2
c 0 1747 2
c 0 1748 0
c 0 1749 0
c 0 1750 2
c 0 1751 2
c 0 1752 2
c 0 1753 2
c 0 1754 2
c 0 1755 2
c 0 1758 2
c 0 1759 2
c 0 1768 0
c 0 1778 0
c 0 1780 2
c 0 1781 2
c 0 1792 0
c 0 1794 0
c 0 1795 0
c 0 1796 0
c 0 1798 0
c 0 1799 0
c 0 1804 2
c 0 1805 2
c 0 1806 2
c 0 1807 2
c 0 1808 2
c 0 1809 2
c 0 1812 0
c 0 1813 0
c 0 1816 0
c 0 1819 0
c 0 1825 0
c 0 1826 0
c 0 1827 0
c 0 1834 2
c 0 1835 2
c 0 1836 0
c 0 1837 0
c 0 1838 2
c 0 1839 2
c 0 1840 0
c 0 1841 0
c 0 1844 2
c 0 1845 2
c 0 1846 2
c 0 1848 0
c 0 1849 0
c 0 1850 0
c 0 1851 0
c 0 1852 2
c 0 1854 2
c 0 1855 2
c 0 1856 2
c 0 1857 2
c 0 1858 2
c 0 1859 2
c 0 1866 0
c 0 1867 0
c 0 1868 0
c 0 1872 2
c 0 1873 2
c 0 1876 2
c 0 1877 2
c 0 1892 0
c 0 1893 0
c 0 1894 0
c 0 1895 0
c 0 1896 0
c 0 1897 0
c 0 1898 0
c 0 1899 0
c 0 1935 2
c 0 1936 2
c 0 1944 2
c 0 1945 2
c 0 1950 2
c 0 1951 2
c 0 1952 2
c 0 1953 2
c 0 1957 0
c 0 1962 2
c 0 1970 0
c 0 1971 0
c 0 1972 2
c 0 1973 2
c 0 1998 0
c 0 1999 0
c 0 2000 0
c 0 2001 0
c 0 2002 0
c 0 2003 0
c 0 2004 0
c 0 2005 0
c 0 2006 2
c 0 2008 2
c 0 2009 2
c 0 2011 2
c 0 2012 0
c 0 2013 0
c 0 2014 0
c 0 2015 0
c 0 2034 2
c 0 2037 0
c 0 2042 2
c 0 2044 2
c 0 2045 2
c 0 2049 2
c 0 2050 2
c 0 2051 2
c 0 2053 2
c 0 2059 0
c 0 2063 0
c 0 2066 2
c 0 2068 2
c 0 2069 2
c 0 2074 0
c 0 2075 0
c 0 2076 0
c 0 2077 0
c 0 2078 0
c 0 2079 0
c 0 2080 0
c 0 2081 0
c 0 2093 2
c 0 2094 2
c 0 2095 2
c 0 2096 2
c 0 2097 2
c 0 2098 2
c 0 2099 2
c 0 2100 0
c 0 2101 0
c 0 2102 2
c 0 2103 2
c 0 2104 2
c 0 2111 0
c 0 2112 0
c 0 2113 0
c 0 2114 2
c 0 2115 2
c 0 2116 2
c 0 2119 0
c 0 2120 0
c 0 2122 0
c 0 2123 0
c 0 2125 2
c 0 2126 2
c 0 2134 0
c 0 2135 0
c 0 2136 0
c 0 2137 0
c 0 2138 0
c 0 2139 0
c 0 2168 2
c 0 2169 2
c 0 2170 2
c 0 2174 2
c 0 2176 0
c 0 2178 0
c 0 2179 0
c 0 2180 0
c 0 2185 2
c 0 2186 2
c 0 2187 2
c 0 2188 2
c 0 2189 2
c 0 2190 2
c 0 2191 2
c 0 2192 2
c 0 2196 0
c 0 2201 2
c 0 2207 0
c 0 2209 2
c 0 2216 0
c 0 2217 0
c 0 2219 0
c 0 2220 0
c 0 2221 0
c 0 2224 0
c 0 2225 0
c 0 2226 0
c 0 2240 2
c 0 2242 2
c 0 2243 2
c 0 2244 2
c 0 2245 2
c 0 2246 2
c 0 2247 2
c 0 2254 0
c 0 2255 0
c 0 2256 2
c 0 2257 2
c 0 2258 0
c 0 2262 2
c 0 2263 2
c 0 2270 0
c 0 2272 0
c 0 2273 0
c 0 2275 0
c 0 2276 0
c 0 2278 0
c 0 2279 0
c 0 2282 2
c 0 2283 2
c 0 2284 2
c 0 2285 2
c 0 2286 2
c 0 2287 2
c 0 2289 2
c 0 2294 0
c 0 2295 0
c 0 2299 0
c 0 2300 0
c 0 2301 0
c 0 2302 0
c 0 2306 0
c 0 2307 0
c 0 2332 2
c 0 2333 2
c 0 2334 2
c 0 2335 2
c 0 2336 2
c 0 2338 2
c 0 2339 2
c 0 2340 2
c 0 2344 0
c 0 2345 0
c 0 2346 0
c 0 2347 0
c 0 2348 0
c 0 2349 0
c 0 2350 0
c 0 2351 0
c 0 2356 2
c 0 2357 2
c 0 2358 2
c 0 2359 2
c 0 2360 2
c 0 2361 2
c 0 2362 2
c 0 2363 2
c 0 2378 0
c 0 2379 0
c 0 2381 2
c 0 2387 2
c 0 2388 0
c 0 2389 0
c 0 2390 0
c 0 2391 0
c 0 2396 2
c 0 2397 2
c 0 2399 2
c 0 2400 0
c 0 2401 0
c 0 2402 0
c 0 2403 0
c 0 2408 2
c 0 2411 2
c 0 2413 0
c 0 2414 2
c 0 2419 2
c 0 2420 0
c 0 2421 0
c 0 2422 0
c 0 2423 0
c 0 2424 2
c 0 2426 0
c 0 2427 0
c 0 2430 2
c 0 2431 2
c 0 2432 2
c 0 2433 2
c 0 2434 2
c 0 2435 2
c 0 2436 2
c 0 2460 0
c 0 2461 0
c 0 2462 0
c 0 2463 0
c 0 2464 0
c 0 2465 0
c 0 2466 0
c 0 2467 0
c 0 2473 2
c 0 2476 2
c 0 2477 2
c 0 2478 2
c 0 2479 2
c 0 2480 0
c 0 2481 0
c 0 2483 0
c 0 2484 0
c 0 2485 0
c 0 2486 2
c 0 2487 2
c 0 2489 2
c 0 2490 0
c 0 2491 0
c 0 2499 0
c 0 2512 2
c 0 2514 2
c 0 2515 2
c 0 2517 0
c 0 2518 0
c 0 2520 2
c 0 2522 0
c 0 2523 0
c 0 2524 2
c 0 2525 2
c 0 2526 2
c 0 2527 2
c 0 2528 2
c 0 2529 2
c 0 2530 2
c 0 2531 2
c 0 2540 0
c 0 2544 2
c 0 2562 0
c 0 2563 0
c 0 2567 0
c 0 2568 0
c 0 2570 0
c 0 2573 0
c 0 2574 0
c 0 2575 0
c 0 2587 2
c 0 2589 2
c 0 2590 0
c 0 2591 2
c 0 2593 0
c 0 2595 0
c 0 2600 2
c 0 2601 2
c 0 2602 0
c 0 2603 0
c 0 2604 2
c 0 2605 2
c 0 2606 2
c 0 2607 2
c 0 2608 2
c 0 2609 2
c 0 2610 2
c 0 2611 2
c 0 2612 0
c 0 2613 0
c 0 2614 2
c 0 2615 2
c 0 2619 0
c 0 2620 0
c 0 2621 0
c 0 2622 2
c 0 2623 2
c 0 2624 2
c 0 2628 0
c 0 2629 0
c 0 2630 2
c 0 2631 2
c 0 2632 0
c 0 2633 0
c 0 2636 2
c 0 2637 2
c 0 2638 0
c 0 2643 2
c 0 2658 0
c 0 2660 0
c 0 2662 0
c 0 2663 0
c 0 2664 0
c 0 2665 2
c 0 2666 0
c 0 2667 0
c 0 2668 2
c 0 2669 2
c 0 2670 2
c 0 2672 2
c 0 2673 2
c 0 2675 2
c 0 2678 0
c 0 2679 0
c 0 2681 0
c 0 2682 2
c 0 2683 2
c 0 2685 2
c 0 2686 0
c 0 2687 2
c 0 2689 0
c 0 2690 0
c 0 2691 0
c 0 2693 0
c 0 2694 2
c 0 2696 0
c 0 2697 0
c 0 2698 0
c 0 2700 2
c 0 2701 0
c 0 2702 0
c 0 2703 0
c 0 2704 2
c 0 2705 0
c 0 2720 2
c 0 2721 2
c 0 2722 2
c 0 2723 2
c 0 2724 2
c 0 2725 2
c 0 2726 2
c 0 2727 2
c 0 2735 0
c 0 2736 0
c 0 2737 0
c 0 2739 0
c 0 2740 2
c 0 2741 2
c 0 2742 2
c 0 2746 2
c 0 2750 0
c 0 2751 0
c 0 2753 0
c 0 2758 0
c 0 2764 2
c 0 2765 2
c 0 2766 2
c 0 2767 2
c 0 2779 0
c 0 2782 0
c 0 2783 0
c 0 2784 0
c 0 2785 0
c 0 2786 0
c 0 2787 0
c 0 2788 0
c 0 2812 2
c 0 2818 2
c 0 2819 2
c 0 2820 2
c 0 2821 2
c 0 2822 2
c 0 2823 2
c 0 2825 2
c 0 2845 0
c 0 2846 0
c 0 2850 0
c 0 2851 0
c 0 2852 0
c 0 2853 2
c 0 2857 0
c 0 2858 2
c 0 2859 2
c 0 2860 2
c 0 2861 2
c 0 2862 2
c 0 2870 0
c 0 2874 0
c 0 2876 2
c 0 2877 2
c 0 2878 0
c 0 2879 0
c 1 0 2
c 1 5 2
c 1 6 0
c 1 7 0
c 1 29 2
c 1 30 2
c 1 31 2
c 1 32 2
c 1 33 2
c 1 34 2
c 1 35 2
c 1 36 2
c 1 37 2
c 1 38 2
c 1 39 2
c 1 40 2
c 1 41 2
c 1 42 2
c 1 43 2
c 1 44 2
c 1 45 2
c 1 49 2
c 1 52 2
c 1 54 2
c 1 56 2
c 1 75 2
c 1 92 0
c 1 93 0
c 1 94 0
c 1 96 0
c 1 97 0
c 1 98 0
c 1 99 0
c 1 102 0
c 1 103 0
c 1 104 0
c 1 105 0
c 1 107 0
c 1 110 2
c 1 116 2
c 1 117 2
c 1 118 2
c 1 119 2
c 1 120 2
c 1 122 2
c 1 123 2
c 1 124 2
c 1 125 2
c 1 126 2
c 1 127 2
c 1 128 2
c 1 129 2
c 1 130 2
c 1 131 2
c 1 132 2
c 1 133 2
c 1 163 0
c 1 164 0
c 1 165 0
c 1 166 0
c 1 167 0
c 1 168 0
c 1 169 0
c 1 171 0
c 1 174 2
c 1 176 0
c 1 177 0
c 1 179 0
c 1 180 0
c 1 181 0
c 1 186 0
c 1 188 0
c 1 191 0
c 1 192 0
c 1 193 0
c 1 194 0
c 1 195 0
c 1 196 0
c 1 197 0
c 1 198 0
c 1 199 0
c 1 200 0
c 1 201 0
c 1 202 0
c 1 203 0
c 1 204 0
c 1 214 2
c 1 215 2
c 1 216 2
c 1 217 2
c 1 220 2
c 1 221 2
c 1 222 2
c 1 223 2
c 1 224 2
c 1 225 2
c 1 226 2
c 1 227 2
c 1 228 2
c 1 229 2
c 1 238 0
c 1 253 0
c 1 254 0
c 1 255 0
c 1 260 0
c 1 261 0
c 1 268 2
c 1 269 2
c 1 282 2
c 1 283 2
c 1 284 2
c 1 285 2
c 1 287 2
c 1 288 2
c 1 290 2
c 1 295 0
c 1 303 0
c 1 308 0
c 1 312 2
c 1 313 2
c 1 316 2
c 1 317 2
c 1 318 2
c 1 319 2
c 1 320 2
c 1 321 2
c 1 322 2
c 1 323 2
c 1 325 2
c 1 328 2
c 1 329 2
c 1 330 2
c 1 344 0
c 1 345 0
c 1 346 0
c 1 347 0
c 1 348 0
c 1 349 0
c 1 350 0
c 1 351 0
c 1 352 0
c 1 353 0
c 1 354 0
c 1 355 0
c 1 356 0
c 1 357 0
c 1 358 0
c 1 359 0
c 1 366 0
c 1 367 0
c 1 370 2
c 1 375 0
c 1 376 0
c 1 377 0
c 1 378 0
c 1 379 0
c 1 384 0
c 1 385 0
c 1 386 0
c 1 387 0
c 1 389 0
c 1 402 0
c 1 414 2
c 1 415 2
c 1 416 2
c 1 417 2
c 1 418 2
c 1 419 2
c 1 420 2
c 1 421 2
c 1 422 2
c 1 423 2
c 1 424 2
c 1 425 2
c 1 426 2
c 1 427 2
c 1 429 2
c 1 432 2
c 1 460 2
c 1 462 2
c 1 463 2
c 1 464 2
c 1 465 2
c 1 466 2
c 1 467 2
c 1 470 2
c 1 476 2
c 1 478 2
c 1 479 2
c 1 497 0
c 1 500 0
c 1 501 0
c 1 502 0
c 1 503 0
c 1 509 0
c 1 512 2
c 1 513 2
c 1 514 2
c 1 515 2
c 1 516 2
c 1 517 2
c 1 519 2
c 1 558 0
c 1 559 0
c 1 560 0
c 1 561 0
c 1 562 0
c 1 563 0
c 1 566 0
c 1 567 0
c 1 568 0
c 1 569 0
c 1 570 0
c 1 571 0
c 1 572 0
c 1 573 0
c 1 574 0
c 1 577 2
c 1 578 0
c 1 581 2
c 1 584 0
c 1 585 0
c 1 586 0
c 1 589 0
c 1 590 0
c 1 591 0
c 1 592 0
c 1 593 0
c 1 594 0
c 1 595 0
c 1 596 0
c 1 597 0
c 1 604 2
c 1 605 2
c 1 606 2
c 1 607 2
c 1 608 2
c 1 609 2
c 1 610 2
c 1 611 2
c 1 612 2
c 1 613 2
c 1 614 2
c 1 615 2
c 1 616 2
c 1 617 2
c 1 618 2
c 1 619 2
c 1 620 2
c 1 621 2
c 1 622 2
c 1 623 2
c 1 624 2
c 1 625 2
c 1 627 2
c 1 628 2
c 1 629 2
c 1 630 2
c 1 637 0
c 1 638 0
c 1 639 0
c 1 640 0
c 1 641 0
c 1 642 0
c 1 643 0
c 1 644 0
c 1 647 0
c 1 651 2
c 1 652 2
c 1 653 2
c 1 654 2
c 1 655 2
c 1 656 2
c 1 657 2
c 1 658 2
c 1 662 0
c 1 663 0
c 1 664 0
c 1 665 0
c 1 666 0
c 1 667 0
c 1 668 0
c 1 669 0
c 1 670 0
c 1 671 0
c 1 672 0
c 1 673 0
c 1 676 0
c 1 677 0
c 1 678 0
c 1 679 0
c 1 680 0
c 1 681 0
c 1 682 0
c 1 683 0
c 1 684 0
c 1 685 0
c 1 686 0
c 1 687 0
c 1 690 0
c 1 691 0
c 1 693 0
c 1 702 2
c 1 703 2
c 1 704 2
c 1 705 2
c 1 706 2
c 1 707 2
c 1 708 2
c 1 709 2
c 1 710 2
c 1 711 2
c 1 712 2
c 1 719 2
c 1 734 0
c 1 736 0
c 1 738 0
c 1 739 0
c 1 740 0
c 1 741 0
c 1 742 0
c 1 743 0
c 1 744 0
c 1 745 0
c 1 750 0
c 1 751 0
c 1 754 2
c 1 779 2
c 1 780 2
c 1 782 2
c 1 783 2
c 1 784 2
c 1 785 2
c 1 786 2
c 1 788 2
c 1 792 2
c 1 793 2
c 1 794 2
c 1 795 2
c 1 796 2
c 1 797 2
c 1 798 2
c 1 799 2
c 1 800 2
c 1 801 2
c 1 802 2
c 1 803 2
c 1 804 2
c 1 806 2
c 1 807 2
c 1 827 0
c 1 828 0
c 1 829 0
c 1 830 0
c 1 831 0
c 1 832 0
c 1 833 0
c 1 834 0
c 1 835 0
c 1 836 0
c 1 837 0
c 1 838 0
c 1 839 0
c 1 840 0
c 1 841 0
c 1 842 0
c 1 843 0
c 1 844 0
c 1 845 0
c 1 846 0
c 1 847 0
c 1 848 2
c 1 849 2
c 1 850 0
c 1 852 0
c 1 853 0
c 1 878 2
c 1 879 2
c 1 880 2
c 1 881 2
c 1 882 2
c 1 883 2
c 1 884 2
c 1 887 2
c 1 890 2
c 1 891 2
c 1 892 2
c 1 893 2
c 1 894 2
c 1 895 2
c 1 896 2
c 1 897 2
c 1 898 2
c 1 899 2
c 1 900 2
c 1 901 2
c 1 921 0
c 1 922 0
c 1 923 0
c 1 924 0
c 1 925 0
c 1 926 0
c 1 927 0
c 1 928 0
c 1 929 0
c 1 930 0
c 1 931 0
c 1 942 2
c 1 943 2
c 1 944 2
c 1 945 2
c 1 946 2
c 1 947 2
c 1 959 2
c 1 960 2
c 1 981 2
c 1 982 2
c 1 983 2
c 1 985 2
c 1 991 2
c 1 992 2
c 1 993 2
c 1 994 2
c 1 995 2
c 1 1018 0
c 1 1019 0
c 1 1020 0
c 1 1021 0
c 1 1022 0
c 1 1023 0
c 1 1024 0
c 1 1025 0
c 1 1026 0
c 1 1027 0
c 1 1028 0
c 1 1029 0
c 1 1030 0
c 1 1031 0
c 1 1032 0
c 1 1033 0
c 1 1034 0
c 1 1035 0
c 1 1041 2
c 1 1043 2
c 1 1050 0
c 1 1053 2
c 1 1054 2
c 1 1055 2
c 1 1061 2
c 1 1062 0
c 1 1063 0
c 1 1065 0
c 1 1066 0
c 1 1067 2
c 1 1074 2
c 1 1081 2
c 1 1086 2
c 1 1087 2
c 1 1090 0
c 1 1092 2
c 1 1093 2
c 1 1094 2
c 1 1102 0
c 1 1103 0
c 1 1104 0
c 1 1114 0
c 1 1116 0
c 1 1117 0
c 1 1118 0
c 1 1119 0
c 1 1120 0
c 1 1121 0
c 1 1122 0
c 1 1123 0
c 1 1124 0
c 1 1125 0
c 1 1126 0
c 1 1127 0
c 1 1128 0
c 1 1129 0
c 1 1134 2
c 1 1136 2
c 1 1138 2
c 1 1139 2
c 1 1141 2
c 1 1146 2
c 1 1147 2
c 1 1148 2
c 1 1150 2
c 1 1151 2
c 1 1152 2
c 1 1154 0
c 1 1155 2
c 1 1159 0
c 1 1160 0
c 1 1162 0
c 1 1163 0
c 1 1166 0
c 1 1167 0
c 1 1168 0
c 1 1172 0
c 1 1173 0
c 1 1175 0
c 1 1176 0
c 1 1184 2
c 1 1185 2
c 1 1186 2
c 1 1187 2
c 1 1188 2
c 1 1189 2
c 1 1190 2
c 1 1191 2
c 1 1192 2
c 1 1196 2
c 1 1197 2
c 1 1204 2
c 1 1205 2
c 1 1206 2
c 1 1207 2
c 1 1208 2
c 1 1217 2
c 1 1224 2
c 1 1225 2
c 1 1226 2
c 1 1227 2
c 1 1228 2
c 1 1229 2
c 1 1230 2
c 1 1252 0
c 1 1253 0
c 1 1257 0
c 1 1260 0
c 1 1261 0
c 1 1262 0
c 1 1263 0
c 1 1264 0
c 1 1265 0
c 1 1278 2
c 1 1279 2
c 1 1280 2
c 1 1281 2
c 1 1282 2
c 1 1283 2
c 1 1284 2
c 1 1285 2
c 1 1286 2
c 1 1287 2
c 1 1288 2
c 1 1290 2
c 1 1291 2
c 1 1311 0
c 1 1312 0
c 1 1314 0
c 1 1315 0
c 1 1316 0
c 1 1317 0
c 1 1319 0
c 1 1320 0
c 1 1321 0
c 1 1322 0
c 1 1323 0
c 1 1324 0
c 1 1325 0
c 1 1326 2
c 1 1328 0
c 1 1329 0
c 1 1330 0
c 1 1331 0
c 1 1332 2
c 1 1333 0
c 1 1334 0
c 1 1335 0
c 1 1336 0
c 1 1337 0
c 1 1338 0
c 1 1339 0
c 1 1340 0
c 1 1341 2
c 1 1342 0
c 1 1343 0
c 1 1344 2
c 1 1345 2
c 1 1346 0
c 1 1347 0
c 1 1350 0
c 1 1351 0
c 1 1352 0
c 1 1353 0
c 1 1358 2
c 1 1359 2
c 1 1363 2
c 1 1365 2
c 1 1366 2
c 1 1367 2
c 1 1368 2
c 1 1369 2
c 1 1372 2
c 1 1373 2
c 1 1374 2
c 1 1375 2
c 1 1376 2
c 1 1377 2
c 1 1378 2
c 1 1379 2
c 1 1380 2
c 1 1381 2
c 1 1382 2
c 1 1384 2
c 1 1385 2
c 1 1386 2
c 1 1387 2
c 1 1388 2
c 1 1389 2
c 1 1391 2
c 1 1404 0
c 1 1405 0
c 1 1406 0
c 1 1407 0
c 1 1408 0
c 1 1409 0
c 1 1410 0
c 1 1411 0
c 1 1412 0
c 1 1413 0
c 1 1414 0
c 1 1415 0
c 1 1416 0
c 1 1417 0
c 1 1418 0
c 1 1419 0
c 1 1422 2
c 1 1423 2
c 1 1424 2
c 1 1425 2
c 1 1426 2
c 1 1427 2
c 1 1434 0
c 1 1435 0
c 1 1436 0
c 1 1437 0
c 1 1438 0
c 1 1439 0
c 1 1440 0
c 1 1441 0
c 1 1442 0
c 1 1443 0
c 1 1444 0
c 1 1446 2
c 1 1447 0
c 1 1448 0
c 1 1449 0
c 1 1450 0
c 1 1451 0
c 1 1452 0
c 1 1453 2
c 1 1460 2
c 1 1461 2
c 1 1466 0
c 1 1468 0
c 1 1469 0
c 1 1472 2
c 1 1476 2
c 1 1477 2
c 1 1478 2
c 1 1479 2
c 1 1480 2
c 1 1487 0
c 1 1490 0
c 1 1491 0
c 1 1510 0
c 1 1524 0
c 1 1525 0
c 1 1566 2
c 1 1567 2
c 1 1568 2
c 1 1569 2
c 1 1570 2
c 1 1571 2
c 1 1582 0
c 1 1584 2
c 1 1585 2
c 1 1599 2
c 1 1612 2
c 1 1613 2
c 1 1614 2
c 1 1616 2
c 1 1617 2
c 1 1618 2
c 1 1626 0
c 1 1627 0
c 1 1631 0
c 1 1632 0
c 1 1633 0
c 1 1635 0
c 1 1652 2
c 1 1653 2
c 1 1655 2
c 1 1656 2
c 1 1657 2
c 1 1658 2
c 1 1659 2
c 1 1660 2
c 1 1661 2
c 1 1662 2
c 1 1663 2
c 1 1664 2
c 1 1665 2
c 1 1666 2
c 1 1667 2
c 1 1671 2
c 1 1676 2
c 1 1677 2
c 1 1686 2
c 1 1687 2
c 1 1694 0
c 1 1695 0
c 1 1696 0
c 1 1697 0
c 1 1698 0
c 1 1699 0
c 1 1700 0
c 1 1701 0
c 1 1702 0
c 1 1703 0
c 1 1704 0
c 1 1705 0
c 1 1714 0
c 1 1716 0
c 1 1717 0
c 1 1718 0
c 1 1720 0
c 1 1721 0
c 1 1722 0
c 1 1723 0
c 1 1726 2
c 1 1727 2
c 1 1728 0
c 1 1732 2
c 1 1734 0
c 1 1737 0
c 1 1746 2
c 1 1747 2
c 1 1750 2
c 1 1751 2
c 1 1752 2
c 1 1753 2
c 1 1754 2
c 1 1755 2
c 1 1756 2
c 1 1757 2
c 1 1758 2
c 1 1759 2
c 1 1760 2
c 1 1761 2
c 1 1762 2
c 1 1763 2
c 1 1764 2
c 1 1765 2
c 1 1780 2
c 1 1793 0
c 1 1807 2
c 1 1812 0
c 1 1813 0
c 1 1818 0
c 1 1825 2
c 1 1826 0
c 1 1827 0
c 1 1834 2
c 1 1835 2
c 1 1837 0
c 1 1838 2
c 1 1839 2
c 1 1842 0
c 1 1843 0
c 1 1848 0
c 1 1849 0
c 1 1850 0
c 1 1851 0
c 1 1854 2
c 1 1855 2
c 1 1857 2
c 1 1869 0
c 1 1871 0
c 1 1872 2
c 1 1873 2
c 1 1888 0
c 1 1892 0
c 1 1893 0
c 1 1894 0
c 1 1895 0
c 1 1896 0
c 1 1897 0
c 1 1898 0
c 1 1899 0
c 1 1900 0
c 1 1901 0
c 1 1903 0
c 1 1904 0
c 1 1905 0
c 1 1906 0
c 1 1907 0
c 1 1932 2
c 1 1933 2
c 1 1936 2
c 1 1937 2
c 1 1941 2
c 1 1944 2
c 1 1945 2
c 1 1950 2
c 1 1951 2
c 1 1952 2
c 1 1953 2
c 1 1954 2
c 1 1955 2
c 1 1958 2
c 1 1959 2
c 1 1962 2
c 1 1963 2
c 1 1964 2
c 1 1965 2
c 1 1972 2
c 1 1973 2
c 1 1985 0
c 1 1990 0
c 1 1996 0
c 1 1997 0
c 1 1998 0
c 1 1999 0
c 1 2000 0
c 1 2001 0
c 1 2002 0
c 1 2003 0
c 1 2004 0
c 1 2005 0
c 1 2006 0
c 1 2007 0
c 1 2010 0
c 1 2011 0
c 1 2012 0
c 1 2013 0
c 1 2014 0
c 1 2015 0
c 1 2016 0
c 1 2017 0
c 1 2018 0
c 1 2019 0
c 1 2020 0
c 1 2021 0
c 1 2022 0
c 1 2023 0
c 1 2042 2
c 1 2043 2
c 1 2044 2
c 1 2045 2
c 1 2047 2
c 1 2048 2
c 1 2049 2
c 1 2050 2
c 1 2051 2
c 1 2052 2
c 1 2054 2
c 1 2055 2
c 1 2056 2
c 1 2057 2
c 1 2058 2
c 1 2060 2
c 1 2061 2
c 1 2065 2
c 1 2066 2
c 1 2067 2
c 1 2068 2
c 1 2069 2
c 1 2070 2
c 1 2074 0
c 1 2075 0
c 1 2076 0
c 1 2077 0
c 1 2078 0
c 1 2079 0
c 1 2080 0
c 1 2081 0
c 1 2082 0
c 1 2083 0
c 1 2084 0
c 1 2085 0
c 1 2086 0
c 1 2087 0
c 1 2094 2
c 1 2095 2
c 1 2096 2
c 1 2097 2
c 1 2098 2
c 1 2099 2
c 1 2100 0
c 1 2101 0
c 1 2109 0
c 1 2110 0
c 1 2113 0
c 1 2114 2
c 1 2115 2
c 1 2116 2
c 1 2117 2
c 1 2118 2
c 1 2119 2
c 1 2120 2
c 1 2121 0
c 1 2123 0
c 1 2124 2
c 1 2125 0
c 1 2133 2
c 1 2134 0
c 1 2135 0
c 1 2136 0
c 1 2137 0
c 1 2138 0
c 1 2139 0
c 1 2140 0
c 1 2141 0
c 1 2142 0
c 1 2152 0
c 1 2153 0
c 1 2168 2
c 1 2189 2
c 1 2190 2
c 1 2191 2
c 1 2192 2
c 1 2193 2
c 1 2194 2
c 1 2195 2
c 1 2203 2
c 1 2204 2
c 1 2207 0
c 1 2213 0
c 1 2214 0
c 1 2216 0
c 1 2217 0
c 1 2218 0
c 1 2219 0
c 1 2220 0
c 1 2221 0
c 1 2224 0
c 1 2225 0
c 1 2226 0
c 1 2227 0
c 1 2228 0
c 1 2229 0
c 1 2240 2
c 1 2241 2
c 1 2242 2
c 1 2243 2
c 1 2244 2
c 1 2245 2
c 1 2246 2
c 1 2247 2
c 1 2248 2
c 1 2249 2
c 1 2256 2
c 1 2262 2
c 1 2263 2
c 1 2292 0
c 1 2300 0
c 1 2301 0
c 1 2302 0
c 1 2305 0
c 1 2307 0
c 1 2309 0
c 1 2310 0
c 1 2311 0
c 1 2312 0
c 1 2313 0
c 1 2316 0
c 1 2317 0
c 1 2332 2
c 1 2333 2
c 1 2334 2
c 1 2335 2
c 1 2336 2
c 1 2337 2
c 1 2338 2
c 1 2339 2
c 1 2340 2
c 1 2341 2
c 1 2356 2
c 1 2357 2
c 1 2358 2
c 1 2359 2
c 1 2360 2
c 1 2361 2
c 1 2362 2
c 1 2363 2
c 1 2366 2
c 1 2373 2
c 1 2383 2
c 1 2390 0
c 1 2391 0
c 1 2398 2
c 1 2410 2
c 1 2411 2
c 1 2426 0
c 1 2427 0
c 1 2430 2
c 1 2431 2
c 1 2432 2
c 1 2433 2
c 1 2434 2
c 1 2435 2
c 1 2436 2
c 1 2437 2
c 1 2458 0
c 1 2460 0
c 1 2461 0
c 1 2462 0
c 1 2463 0
c 1 2464 0
c 1 2465 0
c 1 2467 0
c 1 2468 0
c 1 2469 0
c 1 2470 0
c 1 2471 0
c 1 2481 0
c 1 2482 0
c 1 2483 0
c 1 2484 0
c 1 2485 0
c 1 2490 0
c 1 2491 0
c 1 2498 0
c 1 2499 0
c 1 2500 0
c 1 2501 0
c 1 2504 0
c 1 2505 2
c 1 2508 2
c 1 2513 2
c 1 2514 2
c 1 2515 2
c 1 2518 2
c 1 2520 2
c 1 2521 2
c 1 2523 2
c 1 2524 2
c 1 2525 2
c 1 2526 2
c 1 2527 2
c 1 2528 2
c 1 2529 2
c 1 2530 2
c 1 2531 2
c 1 2532 2
c 1 2533 2
c 1 2534 2
c 1 2535 2
c 1 2537 2
c 1 2538 2
c 1 2539 2
c 1 2558 0
c 1 2564 0
c 1 2575 0
c 1 2576 0
c 1 2577 0
c 1 2578 0
c 1 2579 0
c 1 2582 0
c 1 2583 0
c 1 2591 2
c 1 2594 0
c 1 2595 0
c 1 2597 0
c 1 2600 2
c 1 2601 2
c 1 2602 0
c 1 2603 0
c 1 2606 2
c 1 2607 2
c 1 2608 2
c 1 2609 2
c 1 2610 2
c 1 2611 2
c 1 2612 0
c 1 2613 0
c 1 2614 2
c 1 2615 2
c 1 2616 2
c 1 2617 2
c 1 2622 2
c 1 2623 2
c 1 2624 2
c 1 2628 0
c 1 2629 0
c 1 2630 2
c 1 2631 2
c 1 2633 0
c 1 2637 2
c 1 2660 0
c 1 2661 0
c 1 2663 0
c 1 2664 0
c 1 2665 0
c 1 2666 0
c 1 2667 0
c 1 2668 0
c 1 2669 0
c 1 2670 2
c 1 2671 2
c 1 2672 2
c 1 2673 2
c 1 2674 2
c 1 2675 2
c 1 2676 0
c 1 2677 0
c 1 2678 0
c 1 2679 0
c 1 2680 0
c 1 2681 0
c 1 2682 0
c 1 2684 0
c 1 2685 2
c 1 2686 0
c 1 2688 0
c 1 2689 0
c 1 2690 0
c 1 2691 0
c 1 2692 0
c 1 2693 0
c 1 2694 0
c 1 2696 0
c 1 2697 0
c 1 2698 0
c 1 2699 0
c 1 2700 0
c 1 2701 0
c 1 2702 0
c 1 2703 0
c 1 2704 0
c 1 2705 0
c 1 2720 2
c 1 2721 2
c 1 2722 2
c 1 2723 2
c 1 2724 2
c 1 2725 2
c 1 2726 2
c 1 2727 2
c 1 2728 2
c 1 2729 2
c 1 2740 2
c 1 2741 2
c 1 2743 2
c 1 2744 2
c 1 2746 2
c 1 2747 2
c 1 2752 0
c 1 2767 2
c 1 2772 2
c 1 2783 0
c 1 2794 0
c 1 2796 2
c 1 2799 0
c 1 2810 2
c 1 2811 2
c 1 2812 2
c 1 2813 2
c 1 2817 2
c 1 2818 2
c 1 2819 2
c 1 2820 2
c 1 2821 2
c 1 2822 2
c 1 2823 2
c 1 2824 2
c 1 2825 2
c 1 2878 0
c 1 2879 0
