ppoi 6 6 2 200 100
sched 200 100
r 0 200 3 0 0 0
r 1 482 3 0 0 0
r 2 483 1 0
r 3 104 2 1 1
r 4 188 3 0 0 0
r 5 280 3 0 0 0
r 6 482 3 1 1 1
r 7 386 1 0
r 8 185 1 0
r 9 187 1 0
r 10 203 3 0 0 0
r 11 398 2 0 0
r 12 390 1 0
r 13 383 2 5 5
r 14 88 3 0 0 0
r 15 286 3 0 0 0
r 16 185 2 0 0
r 17 384 3 1 1 1
r 18 489 3 0 0 0
r 19 473 2 1 1
r 20 491 2 0 0
r 21 397 2 0 0
r 22 293 3 1 1 1
r 23 91 3 0 0 0
r 24 400 2 0 0
r 25 91 2 1 1
r 26 112 3 0 0 0
r 27 99 3 0 0 0
r 28 102 2 3 3
r 29 93 2 0 0
r 30 500 3 5 5 5
r 31 186 2 0 0
r 32 95 3 1 1 1
r 33 281 3 0 0 0
r 34 484 1 1
r 35 472 2 1 1
r 36 394 2 1 1
r 37 301 3 0 0 0
r 38 108 3 1 1 1
r 39 185 3 5 5 5
r 40 106 2 0 0
r 41 290 3 0 0 0
r 42 90 1 0
r 43 376 1 0
r 44 104 1 0
r 45 289 1 0
r 46 189 1 0
r 47 387 2 5 5
r 48 186 1 0
r 49 492 2 5 5
r 50 376 3 0 0 0
r 51 475 3 0 0 0
r 52 89 1 0
r 53 295 3 5 5 5
r 54 478 2 3 3
r 55 291 1 1
r 56 97 1 0
r 57 202 3 0 0 0
r 58 494 3 5 5 5
r 59 478 2 1 1
r 60 479 3 1 1 1
r 61 104 2 5 5
r 62 95 1 0
r 63 95 2 0 0
r 64 108 2 0 0
r 65 400 2 1 1
r 66 474 3 5 5 5
r 67 189 3 1 1 1
r 68 105 3 0 0 0
r 69 204 2 3 3
r 70 391 1 1
r 71 186 1 0
r 72 102 3 0 0 0
r 73 394 1 0
r 74 184 1 0
r 75 96 2 0 0
r 76 379 1 1
r 77 202 2 1 1
r 78 482 1 0
r 79 480 1 0
r 80 191 3 0 0 0
r 81 377 1 1
r 82 210 3 0 0 0
r 83 389 1 1
r 84 396 2 0 0
r 85 284 2 3 3
r 86 388 3 0 0 0
r 87 89 3 0 0 0
r 88 285 3 5 5 5
r 89 474 2 0 0
r 90 397 2 0 0
r 91 400 3 5 5 5
r 92 197 2 3 3
r 93 496 3 0 0 0
r 94 289 3 0 0 0
r 95 386 2 0 0
r 96 207 2 0 0
r 97 288 1 0
r 98 194 1 0
r 99 96 1 0
r 100 481 2 1 1
r 101 386 3 0 0 0
r 102 383 1 0
r 103 485 3 5 5 5
r 104 480 2 0 0
r 105 391 2 5 5
r 106 104 3 0 0 0
r 107 397 2 5 5
r 108 99 1 0
r 109 293 1 0
r 110 108 1 0
r 111 380 3 1 1 1
r 112 186 2 5 5
r 113 185 2 3 3
r 114 495 2 0 0
r 115 480 1 0
r 116 187 2 0 0
r 117 496 2 0 0
r 118 286 1 0
r 119 211 3 0 0 0
r 120 110 2 0 0
r 121 385 1 1
r 122 293 1 1
r 123 376 2 0 0
r 124 389 2 0 0
r 125 382 3 0 0 0
r 126 96 1 0
r 127 111 3 5 5 5
r 128 390 3 0 0 0
r 129 202 1 1
r 130 105 2 0 0
r 131 111 1 0
r 132 191 1 0
r 133 113 2 0 0
r 134 283 1 0
r 135 197 2 0 0
r 136 193 3 0 0 0
r 137 486 3 0 0 0
r 138 390 2 3 3
r 139 393 1 0
r 140 472 3 0 0 0
r 141 485 1 1
r 142 188 1 1
r 143 193 2 0 0
r 144 379 3 0 0 0
r 145 204 1 0
r 146 104 3 5 5 5
r 147 385 1 0
r 148 483 1 1
r 149 194 3 0 0 0
r 150 194 3 1 1 1
r 151 98 1 0
r 152 491 2 3 3
r 153 292 3 0 0 0
r 154 192 3 1 1 1
r 155 92 1 0
r 156 296 2 0 0
r 157 88 1 0
r 158 96 1 0
r 159 493 3 0 0 0
r 160 382 2 3 3
r 161 298 1 0
r 162 195 1 0
r 163 100 2 5 5
r 164 184 1 0
r 165 286 2 0 0
r 166 481 2 0 0
r 167 298 3 0 0 0
r 168 299 3 5 5 5
r 169 378 2 1 1
r 170 380 1 0
r 171 488 3 0 0 0
r 172 293 3 0 0 0
r 173 295 2 0 0
r 174 91 2 3 3
r 175 498 1 0
r 176 296 1 0
r 177 480 1 0
r 178 473 3 0 0 0
r 179 497 2 3 3
r 180 384 2 0 0
r 181 196 3 1 1 1
r 182 478 1 0
r 183 394 2 0 0
r 184 379 2 3 3
r 185 200 2 0 0
r 186 285 1 0
r 187 287 1 1
r 188 112 3 0 1 3
r 189 398 2 0 0
r 190 473 2 1 1
r 191 302 2 0 0
r 192 376 1 0
r 193 106 1 0
r 194 381 3 5 5 5
r 195 94 1 0
r 196 94 1 0
r 197 386 2 5 5
r 198 377 3 0 0 0
r 199 486 1 1
a 0 1352 3 0 0 0
a 1 760 2 1 1
a 2 387 1 0
a 3 88 2 1 1
a 4 1147 2 1 1
a 5 1060 2 1 1
a 6 1450 2 1 1
a 7 591 2 3 3
a 8 1447 1 1
a 9 856 3 5 5 5
a 10 376 1 1
a 11 1441 2 1 1
a 12 591 1 0
a 13 1534 1 0
a 14 778 2 1 1
a 15 1168 3 1 1 1
a 16 1117 2 0 0
a 17 2301 2 0 0
a 18 861 2 6 6
a 19 681 2 0 0
a 20 2491 1 0
a 21 956 2 0 0
a 22 199 3 0 0 0
a 23 1442 3 1 1 1
a 24 776 2 1 1
a 25 195 2 1 1
a 26 1159 3 5 5 5
a 27 1433 1 1
a 28 1350 3 5 5 5
a 29 1534 2 6 6
a 30 1531 2 1 1
a 31 1631 3 1 1 1
a 32 376 1 5
a 33 770 2 5 5
a 34 1509 1 0
a 35 682 3 0 0 0
a 36 376 3 0 0 0
a 37 763 1 5
a 38 501 3 5 5 5
a 39 492 3 1 1 1
a 40 557 3 5 5 5
a 41 195 1 0
a 42 1162 1 1
a 43 1335 2 0 0
a 44 681 1 0
a 45 186 2 1 1
a 46 1058 1 1
a 47 766 1 5
a 48 780 1 0
a 49 1543 2 1 1
a 50 1052 1 5
a 51 1407 2 0 0
a 52 590 1 0
a 53 302 3 1 1 1
a 54 490 2 1 1
a 55 304 2 0 0
a 56 1445 1 1
a 57 402 2 3 3
a 58 860 2 6 6
a 59 1330 2 0 0
a 60 1628 1 1
a 61 1624 1 0
a 62 1625 2 0 0
a 63 1345 3 0 0 0
a 64 1066 3 0 0 0
a 65 1023 3 5 5 5
a 66 1624 3 5 5 5
a 67 96 1 1
a 68 199 1 1
a 69 1548 1 1
a 70 2119 3 5 5 5
a 71 1260 1 0
a 72 1436 1 1
a 73 400 1 0
a 74 1059 1 0
a 75 683 2 0 0
a 76 871 2 5 5
a 77 589 1 0
a 78 1447 2 1 1
a 79 1434 3 1 1 1
a 80 1453 2 0 0
a 81 1026 2 0 0
a 82 2129 2 0 0
a 83 1540 1 0
a 84 2301 3 5 5 5
a 85 1117 3 0 0 0
a 86 1163 3 1 1 1
a 87 1172 3 0 0 0
a 88 679 1 0
a 89 188 2 1 1
a 90 1435 3 1 1 1
a 91 1442 1 1
a 92 565 1 0
a 93 2224 3 0 0 0
a 94 1639 3 1 1 1
a 95 1024 2 0 0
a 96 764 1 1
a 97 1632 1 1
a 98 766 3 1 1 1
a 99 1447 2 5 5
c 0 0 2
c 0 2 2
c 0 4 2
c 0 6 0
c 0 8 0
c 0 11 0
c 0 28 2
c 0 29 2
c 0 30 2
c 0 31 2
c 0 32 2
c 0 33 2
c 0 34 2
c 0 35 2
c 0 91 0
c 0 92 0
c 0 93 0
c 0 94 2
c 0 95 0
c 0 96 0
c 0 97 0
c 0 98 0
c 0 99 0
c 0 101 2
c 0 102 0
c 0 103 0
c 0 122 2
c 0 123 2
c 0 124 2
c 0 125 0
c 0 126 2
c 0 127 2
c 0 128 2
c 0 129 2
c 0 130 2
c 0 131 2
c 0 161 0
c 0 162 0
c 0 163 0
c 0 164 0
c 0 165 0
c 0 166 0
c 0 167 0
c 0 168 0
c 0 172 2
c 0 173 2
c 0 174 2
c 0 175 2
c 0 176 0
c 0 177 0
c 0 183 2
c 0 185 2
c 0 186 2
c 0 188 2
c 0 190 0
c 0 193 0
c 0 194 0
c 0 199 0
c 0 200 0
c 0 201 0
c 0 202 2
c 0 205 0
c 0 214 2
c 0 215 2
c 0 217 0
c 0 219 0
c 0 222 2
c 0 223 2
c 0 224 2
c 0 225 2
c 0 226 2
c 0 227 2
c 0 228 2
c 0 229 2
c 0 236 0
c 0 248 0
c 0 249 0
c 0 250 0
c 0 252 0
c 0 253 0
c 0 254 0
c 0 255 0
c 0 268 2
c 0 269 2
c 0 270 2
c 0 274 2
c 0 276 2
c 0 278 0
c 0 282 2
c 0 283 2
c 0 286 2
c 0 289 0
c 0 291 2
c 0 292 0
c 0 295 0
c 0 298 2
c 0 303 0
c 0 307 0
c 0 308 0
c 0 309 0
c 0 310 0
c 0 311 0
c 0 313 2
c 0 316 2
c 0 317 2
c 0 318 2
c 0 319 2
c 0 320 2
c 0 322 2
c 0 323 2
c 0 349 0
c 0 350 0
c 0 351 0
c 0 352 0
c 0 353 0
c 0 354 0
c 0 356 0
c 0 357 0
c 0 360 2
c 0 362 2
c 0 364 2
c 0 365 2
c 0 366 0
c 0 367 0
c 0 370 2
c 0 371 2
c 0 375 0
c 0 376 0
c 0 379 2
c 0 381 0
c 0 384 0
c 0 385 0
c 0 414 2
c 0 415 2
c 0 416 2
c 0 417 2
c 0 418 2
c 0 419 2
c 0 420 2
c 0 421 2
c 0 440 0
c 0 441 0
c 0 442 0
c 0 443 0
c 0 444 0
c 0 445 0
c 0 446 0
c 0 448 0
c 0 455 2
c 0 457 2
c 0 462 2
c 0 464 2
c 0 465 2
c 0 466 2
c 0 467 2
c 0 472 0
c 0 478 2
c 0 479 2
c 0 488 0
c 0 490 0
c 0 498 0
c 0 499 0
c 0 500 0
c 0 501 0
c 0 502 0
c 0 503 0
c 0 512 2
c 0 513 2
c 0 514 2
c 0 515 2
c 0 516 2
c 0 517 2
c 0 518 2
c 0 519 2
c 0 526 0
c 0 532 2
c 0 547 0
c 0 549 0
c 0 552 2
c 0 553 2
c 0 558 0
c 0 559 0
c 0 560 0
c 0 563 0
c 0 564 2
c 0 566 0
c 0 567 0
c 0 568 0
c 0 569 0
c 0 577 2
c 0 582 2
c 0 586 2
c 0 588 2
c 0 589 2
c 0 590 0
c 0 591 0
c 0 592 0
c 0 593 0
c 0 594 0
c 0 595 0
c 0 604 2
c 0 606 2
c 0 608 2
c 0 609 2
c 0 610 2
c 0 611 2
c 0 612 2
c 0 613 2
c 0 638 0
c 0 639 0
c 0 640 0
c 0 641 0
c 0 643 0
c 0 644 0
c 0 645 0
c 0 647 2
c 0 652 2
c 0 653 2
c 0 654 2
c 0 655 2
c 0 656 2
c 0 657 2
c 0 662 0
c 0 663 0
c 0 664 0
c 0 666 0
c 0 668 0
c 0 669 0
c 0 674 2
c 0 675 2
c 0 677 2
c 0 680 0
c 0 682 0
c 0 683 0
c 0 684 0
c 0 685 0
c 0 689 2
c 0 690 0
c 0 703 2
c 0 704 2
c 0 705 2
c 0 706 2
c 0 707 2
c 0 708 2
c 0 709 2
c 0 710 2
c 0 734 0
c 0 735 0
c 0 737 0
c 0 738 0
c 0 739 0
c 0 741 0
c 0 742 0
c 0 743 0
c 0 748 2
c 0 749 2
c 0 750 0
c 0 751 0
c 0 752 2
c 0 755 2
c 0 756 0
c 0 757 0
c 0 772 2
c 0 773 0
c 0 780 2
c 0 781 2
c 0 783 2
c 0 788 0
c 0 789 2
c 0 790 2
c 0 792 0
c 0 793 2
c 0 795 2
c 0 799 2
c 0 800 2
c 0 801 2
c 0 828 0
c 0 829 0
c 0 830 0
c 0 831 0
c 0 832 0
c 0 833 0
c 0 834 0
c 0 835 0
c 0 842 2
c 0 844 2
c 0 846 0
c 0 847 0
c 0 848 2
c 0 849 2
c 0 851 0
c 0 853 0
c 0 863 2
c 0 865 0
c 0 866 2
c 0 868 0
c 0 875 2
c 0 877 0
c 0 882 2
c 0 886 0
c 0 888 2
c 0 890 2
c 0 891 2
c 0 892 2
c 0 893 2
c 0 895 2
c 0 896 2
c 0 899 2
c 0 919 0
c 0 922 0
c 0 923 0
c 0 924 0
c 0 925 0
c 0 926 0
c 0 927 0
c 0 928 0
c 0 943 2
c 0 944 2
c 0 945 2
c 0 946 2
c 0 947 2
c 0 948 0
c 0 949 2
c 0 952 0
c 0 953 0
c 0 957 0
c 0 958 2
c 0 961 2
c 0 962 2
c 0 964 2
c 0 965 2
c 0 968 2
c 0 969 0
c 0 976 0
c 0 978 0
c 0 979 0
c 0 981 2
c 0 982 2
c 0 983 2
c 0 989 0
c 0 992 2
c 0 994 2
c 0 1005 0
c 0 1009 2
c 0 1018 0
c 0 1019 0
c 0 1021 0
c 0 1024 0
c 0 1025 0
c 0 1028 0
c 0 1030 0
c 0 1031 0
c 0 1040 2
c 0 1043 2
c 0 1044 0
c 0 1047 0
c 0 1058 2
c 0 1068 0
c 0 1073 2
c 0 1077 0
c 0 1081 2
c 0 1082 2
c 0 1083 2
c 0 1084 2
c 0 1085 2
c 0 1086 2
c 0 1087 2
c 0 1090 0
c 0 1092 2
c 0 1093 2
c 0 1102 0
c 0 1104 0
c 0 1106 0
c 0 1108 2
c 0 1110 2
c 0 1111 2
c 0 1114 0
c 0 1116 0
c 0 1117 0
c 0 1119 2
c 0 1120 0
c 0 1123 0
c 0 1124 0
c 0 1125 0
c 0 1126 0
c 0 1127 0
c 0 1134 2
c 0 1136 2
c 0 1137 2
c 0 1138 2
c 0 1139 2
c 0 1140 2
c 0 1141 2
c 0 1142 0
c 0 1146 2
c 0 1147 2
c 0 1157 0
c 0 1161 2
c 0 1162 0
c 0 1163 2
c 0 1164 0
c 0 1166 0
c 0 1167 0
c 0 1170 0
c 0 1171 0
c 0 1174 0
c 0 1175 0
c 0 1177 0
c 0 1184 2
c 0 1185 2
c 0 1186 2
c 0 1187 2
c 0 1188 2
c 0 1189 2
c 0 1190 2
c 0 1191 2
c 0 1199 0
c 0 1203 0
c 0 1205 2
c 0 1206 2
c 0 1209 0
c 0 1210 0
c 0 1212 0
c 0 1213 0
c 0 1215 0
c 0 1217 2
c 0 1219 0
c 0 1222 2
c 0 1223 0
c 0 1225 2
c 0 1226 2
c 0 1227 2
c 0 1228 2
c 0 1229 2
c 0 1249 0
c 0 1252 0
c 0 1253 0
c 0 1254 2
c 0 1256 0
c 0 1257 0
c 0 1260 0
c 0 1262 0
c 0 1263 0
c 0 1265 0
c 0 1274 2
c 0 1276 2
c 0 1277 2
c 0 1280 2
c 0 1282 2
c 0 1283 2
c 0 1284 2
c 0 1285 2
c 0 1311 0
c 0 1313 2
c 0 1314 0
c 0 1315 0
c 0 1316 0
c 0 1317 0
c 0 1318 0
c 0 1320 0
c 0 1321 2
c 0 1322 2
c 0 1324 2
c 0 1326 2
c 0 1327 2
c 0 1330 0
c 0 1331 0
c 0 1336 0
c 0 1337 0
c 0 1338 0
c 0 1339 0
c 0 1341 2
c 0 1342 2
c 0 1343 0
c 0 1344 2
c 0 1345 2
c 0 1346 0
c 0 1348 2
c 0 1350 0
c 0 1351 0
c 0 1352 0
c 0 1353 0
c 0 1365 2
c 0 1366 2
c 0 1367 2
c 0 1368 2
c 0 1369 2
c 0 1371 0
c 0 1374 2
c 0 1376 2
c 0 1377 2
c 0 1379 2
c 0 1383 0
c 0 1386 2
c 0 1405 0
c 0 1406 0
c 0 1407 0
c 0 1408 0
c 0 1409 0
c 0 1410 0
c 0 1412 0
c 0 1413 0
c 0 1422 2
c 0 1423 2
c 0 1424 2
c 0 1425 2
c 0 1428 0
c 0 1429 0
c 0 1434 0
c 0 1439 2
c 0 1443 2
c 0 1445 0
c 0 1447 0
c 0 1453 2
c 0 1459 2
c 0 1460 2
c 0 1461 2
c 0 1463 0
c 0 1466 0
c 0 1467 0
c 0 1468 0
c 0 1469 0
c 0 1472 2
c 0 1473 2
c 0 1474 2
c 0 1476 2
c 0 1477 2
c 0 1478 2
c 0 1479 2
c 0 1480 2
c 0 1483 0
c 0 1486 0
c 0 1487 0
c 0 1488 2
c 0 1490 0
c 0 1491 0
c 0 1505 0
c 0 1506 0
c 0 1509 0
c 0 1517 2
c 0 1524 0
c 0 1525 0
c 0 1535 2
c 0 1539 0
c 0 1554 2
c 0 1556 2
c 0 1557 2
c 0 1558 0
c 0 1559 0
c 0 1561 0
c 0 1566 2
c 0 1567 2
c 0 1568 2
c 0 1569 2
c 0 1570 2
c 0 1571 2
c 0 1575 0
c 0 1576 0
c 0 1577 0
c 0 1578 0
c 0 1579 0
c 0 1580 0
c 0 1584 2
c 0 1585 2
c 0 1586 0
c 0 1587 0
c 0 1598 2
c 0 1599 2
c 0 1602 2
c 0 1603 2
c 0 1605 2
c 0 1612 2
c 0 1614 2
c 0 1615 2
c 0 1620 0
c 0 1621 0
c 0 1622 0
c 0 1623 0
c 0 1624 0
c 0 1625 0
c 0 1626 0
c 0 1627 0
c 0 1631 2
c 0 1635 0
c 0 1653 2
c 0 1658 2
c 0 1659 2
c 0 1660 2
c 0 1661 2
c 0 1662 2
c 0 1663 2
c 0 1665 0
c 0 1666 2
c 0 1667 2
c 0 1683 0
c 0 1684 0
c 0 1686 2
c 0 1687 2
c 0 1694 0
c 0 1698 0
c 0 1700 0
c 0 1701 0
c 0 1702 0
c 0 1717 0
c 0 1722 0
c 0 1725 0
c 0 1746 2
c 0 1747 2
c 0 1749 0
c 0 1751 2
c 0 1752 2
c 0 1754 2
c 0 1755 2
c 0 1757 2
c 0 1758 2
c 0 1759 2
c 0 1768 0
c 0 1780 2
c 0 1793 0
c 0 1795 0
c 0 1796 0
c 0 1804 2
c 0 1806 2
c 0 1807 2
c 0 1812 0
c 0 1814 2
c 0 1821 0
c 0 1823 0
c 0 1825 0
c 0 1827 0
c 0 1828 0
c 0 1832 2
c 0 1834 2
c 0 1835 2
c 0 1836 0
c 0 1837 0
c 0 1838 2
c 0 1839 2
c 0 1840 0
c 0 1841 0
c 0 1842 0
c 0 1843 0
c 0 1844 2
c 0 1845 2
c 0 1847 2
c 0 1848 0
c 0 1849 0
c 0 1850 0
c 0 1851 0
c 0 1852 2
c 0 1853 2
c 0 1854 2
c 0 1855 2
c 0 1856 2
c 0 1857 2
c 0 1858 2
c 0 1863 0
c 0 1865 2
c 0 1866 0
c 0 1867 0
c 0 1868 0
c 0 1869 0
c 0 1871 2
c 0 1872 2
c 0 1873 2
c 0 1875 2
c 0 1893 0
c 0 1894 0
c 0 1895 0
c 0 1896 0
c 0 1897 0
c 0 1898 0
c 0 1899 0
c 0 1900 0
c 0 1903 2
c 0 1904 0
c 0 1945 2
c 0 1946 0
c 0 1950 2
c 0 1951 2
c 0 1952 2
c 0 1953 2
c 0 1962 2
c 0 1963 2
c 0 1964 2
c 0 1965 2
c 0 1968 0
c 0 1971 0
c 0 1972 2
c 0 1973 2
c 0 1998 0
c 0 1999 0
c 0 2000 0
c 0 2001 0
c 0 2002 0
c 0 2003 0
c 0 2004 0
c 0 2005 0
c 0 2008 2
c 0 2009 2
c 0 2011 2
c 0 2013 0
c 0 2014 0
c 0 2015 0
c 0 2033 2
c 0 2034 2
c 0 2036 0
c 0 2037 0
c 0 2044 2
c 0 2045 2
c 0 2048 2
c 0 2050 2
c 0 2051 2
c 0 2056 2
c 0 2058 0
c 0 2059 0
c 0 2066 2
c 0 2067 2
c 0 2068 2
c 0 2069 2
c 0 2074 0
c 0 2075 0
c 0 2076 0
c 0 2077 0
c 0 2078 0
c 0 2079 0
c 0 2080 0
c 0 2081 0
c 0 2082 2
c 0 2090 2
c 0 2094 2
c 0 2095 2
c 0 2096 2
c 0 2097 2
c 0 2098 2
c 0 2099 2
c 0 2100 0
c 0 2101 0
c 0 2104 2
c 0 2105 2
c 0 2106 0
c 0 2107 0
c 0 2115 2
c 0 2117 0
c 0 2118 2
c 0 2119 0
c 0 2120 0
c 0 2124 2
c 0 2128 0
c 0 2130 0
c 0 2131 0
c 0 2132 0
c 0 2134 0
c 0 2135 0
c 0 2147 2
c 0 2152 0
c 0 2169 2
c 0 2170 2
c 0 2175 2
c 0 2178 0
c 0 2179 0
c 0 2187 2
c 0 2188 2
c 0 2189 2
c 0 2190 2
c 0 2191 2
c 0 2192 2
c 0 2193 2
c 0 2214 0
c 0 2216 0
c 0 2217 0
c 0 2218 0
c 0 2219 0
c 0 2220 0
c 0 2221 0
c 0 2226 0
c 0 2239 2
c 0 2240 2
c 0 2241 2
c 0 2242 2
c 0 2243 2
c 0 2244 2
c 0 2245 2
c 0 2246 2
c 0 2253 0
c 0 2255 0
c 0 2257 2
c 0 2263 2
c 0 2268 0
c 0 2277 0
c 0 2278 0
c 0 2279 2
c 0 2280 0
c 0 2285 2
c 0 2286 2
c 0 2288 2
c 0 2300 0
c 0 2301 0
c 0 2304 0
c 0 2305 0
c 0 2307 0
c 0 2308 0
c 0 2309 0
c 0 2316 0
c 0 2332 2
c 0 2333 2
c 0 2334 2
c 0 2337 2
c 0 2338 2
c 0 2339 2
c 0 2340 2
c 0 2341 2
c 0 2344 0
c 0 2345 0
c 0 2346 0
c 0 2347 0
c 0 2348 0
c 0 2350 0
c 0 2351 0
c 0 2356 2
c 0 2357 2
c 0 2358 2
c 0 2359 2
c 0 2360 2
c 0 2361 2
c 0 2363 2
c 0 2378 0
c 0 2381 2
c 0 2388 0
c 0 2389 0
c 0 2390 0
c 0 2391 0
c 0 2397 0
c 0 2400 0
c 0 2404 0
c 0 2405 0
c 0 2410 2
c 0 2411 2
c 0 2412 0
c 0 2418 2
c 0 2420 0
c 0 2421 2
c 0 2422 0
c 0 2425 2
c 0 2426 0
c 0 2427 0
c 0 2430 2
c 0 2431 2
c 0 2432 2
c 0 2433 2
c 0 2434 2
c 0 2435 2
c 0 2436 2
c 0 2437 2
c 0 2451 0
c 0 2455 2
c 0 2459 0
c 0 2460 0
c 0 2461 0
c 0 2462 0
c 0 2463 0
c 0 2464 0
c 0 2465 0
c 0 2467 0
c 0 2476 2
c 0 2477 2
c 0 2479 0
c 0 2480 0
c 0 2486 2
c 0 2490 0
c 0 2520 2
c 0 2523 0
c 0 2524 2
c 0 2525 2
c 0 2526 2
c 0 2527 2
c 0 2528 2
c 0 2529 2
c 0 2530 2
c 0 2531 2
c 0 2547 0
c 0 2560 0
c 0 2562 0
c 0 2563 0
c 0 2564 0
c 0 2565 0
c 0 2569 0
c 0 2574 0
c 0 2585 2
c 0 2587 2
c 0 2588 2
c 0 2590 2
c 0 2592 0
c 0 2593 0
c 0 2594 0
c 0 2601 2
c 0 2602 0
c 0 2603 0
c 0 2607 2
c 0 2608 2
c 0 2609 2
c 0 2610 2
c 0 2611 2
c 0 2612 0
c 0 2613 0
c 0 2614 2
c 0 2615 2
c 0 2616 2
c 0 2618 0
c 0 2620 0
c 0 2621 2
c 0 2622 2
c 0 2623 2
c 0 2625 2
c 0 2629 0
c 0 2630 2
c 0 2632 0
c 0 2633 0
c 0 2636 2
c 0 2637 2
c 0 2661 0
c 0 2662 0
c 0 2663 0
c 0 2664 0
c 0 2666 0
c 0 2667 0
c 0 2669 0
c 0 2670 2
c 0 2671 2
c 0 2672 2
c 0 2673 2
c 0 2674 2
c 0 2675 2
c 0 2677 2
c 0 2678 0
c 0 2680 0
c 0 2681 2
c 0 2685 2
c 0 2686 0
c 0 2687 2
c 0 2689 0
c 0 2690 0
c 0 2692 0
c 0 2693 0
c 0 2694 2
c 0 2695 0
c 0 2696 0
c 0 2697 0
c 0 2698 0
c 0 2699 2
c 0 2700 0
c 0 2701 0
c 0 2702 2
c 0 2703 0
c 0 2720 2
c 0 2721 2
c 0 2722 2
c 0 2723 2
c 0 2724 2
c 0 2725 2
c 0 2726 2
c 0 2727 2
c 0 2732 0
c 0 2738 0
c 0 2744 2
c 0 2747 2
c 0 2749 0
c 0 2750 0
c 0 2751 0
c 0 2752 0
c 0 2753 0
c 0 2754 0
c 0 2755 0
c 0 2766 2
c 0 2767 2
c 0 2773 2
c 0 2782 0
c 0 2783 0
c 0 2784 0
c 0 2786 0
c 0 2809 2
c 0 2812 2
c 0 2813 2
c 0 2815 0
c 0 2817 2
c 0 2818 2
c 0 2819 2
c 0 2820 2
c 0 2821 2
c 0 2824 2
c 0 2826 0
c 0 2833 2
c 0 2846 0
c 0 2851 0
c 0 2853 2
c 0 2856 0
c 0 2858 2
c 0 2861 2
c 0 2867 0
c 0 2868 2
c 0 2874 0
c 0 2875 0
c 0 2876 2
c 0 2877 2
c 0 2878 0
c 0 2879 0
c 1 2 2
c 1 3 2
c 1 8 0
c 1 9 0
c 1 29 2
c 1 30 2
c 1 31 2
c 1 32 2
c 1 33 2
c 1 34 2
c 1 35 2
c 1 36 2
c 1 37 2
c 1 39 2
c 1 40 2
c 1 42 2
c 1 43 2
c 1 45 2
c 1 52 2
c 1 54 2
c 1 55 2
c 1 56 2
c 1 57 2
c 1 58 2
c 1 59 2
c 1 60 2
c 1 64 2
c 1 78 2
c 1 79 2
c 1 93 0
c 1 95 0
c 1 96 0
c 1 97 0
c 1 98 0
c 1 99 0
c 1 100 0
c 1 101 0
c 1 102 0
c 1 103 0
c 1 107 0
c 1 118 2
c 1 119 2
c 1 120 2
c 1 121 2
c 1 122 2
c 1 123 2
c 1 124 2
c 1 125 2
c 1 126 2
c 1 127 2
c 1 128 2
c 1 129 2
c 1 130 2
c 1 131 2
c 1 159 0
c 1 160 0
c 1 162 0
c 1 163 0
c 1 164 0
c 1 165 0
c 1 166 0
c 1 167 0
c 1 168 0
c 1 169 0
c 1 170 0
c 1 173 2
c 1 176 0
c 1 177 0
c 1 178 0
c 1 179 0
c 1 180 0
c 1 181 0
c 1 183 0
c 1 186 0
c 1 187 0
c 1 193 0
c 1 194 0
c 1 195 0
c 1 199 0
c 1 201 0
c 1 202 0
c 1 203 0
c 1 204 0
c 1 205 0
c 1 214 2
c 1 215 2
c 1 216 2
c 1 217 2
c 1 220 2
c 1 221 2
c 1 222 2
c 1 223 2
c 1 224 2
c 1 225 2
c 1 226 2
c 1 227 2
c 1 228 2
c 1 229 2
c 1 231 2
c 1 234 0
c 1 239 0
c 1 252 0
c 1 254 0
c 1 255 0
c 1 257 0
c 1 258 0
c 1 259 0
c 1 261 0
c 1 268 2
c 1 269 2
c 1 270 2
c 1 282 2
c 1 283 2
c 1 284 2
c 1 285 2
c 1 291 2
c 1 292 2
c 1 302 2
c 1 307 0
c 1 308 0
c 1 309 0
c 1 311 0
c 1 312 2
c 1 313 2
c 1 317 2
c 1 318 2
c 1 319 2
c 1 320 2
c 1 321 2
c 1 322 2
c 1 323 2
c 1 328 2
c 1 329 2
c 1 330 2
c 1 334 0
c 1 344 0
c 1 346 0
c 1 347 0
c 1 348 0
c 1 349 0
c 1 350 0
c 1 351 0
c 1 352 0
c 1 353 0
c 1 354 0
c 1 355 0
c 1 356 0
c 1 357 0
c 1 358 0
c 1 359 0
c 1 366 0
c 1 367 0
c 1 370 2
c 1 376 0
c 1 377 0
c 1 380 2
c 1 383 0
c 1 384 0
c 1 385 0
c 1 387 0
c 1 388 0
c 1 389 0
c 1 414 2
c 1 415 2
c 1 416 2
c 1 417 2
c 1 418 2
c 1 419 2
c 1 420 2
c 1 421 2
c 1 422 2
c 1 423 2
c 1 424 2
c 1 425 2
c 1 426 2
c 1 427 2
c 1 429 2
c 1 431 2
c 1 432 2
c 1 433 2
c 1 437 2
c 1 461 2
c 1 463 2
c 1 464 2
c 1 465 2
c 1 466 2
c 1 467 2
c 1 478 2
c 1 479 2
c 1 498 0
c 1 500 0
c 1 501 0
c 1 502 0
c 1 503 0
c 1 508 0
c 1 510 2
c 1 512 2
c 1 513 2
c 1 514 2
c 1 515 2
c 1 516 2
c 1 517 2
c 1 558 0
c 1 559 0
c 1 560 0
c 1 561 0
c 1 562 0
c 1 566 0
c 1 567 0
c 1 568 0
c 1 569 0
c 1 571 0
c 1 572 0
c 1 573 0
c 1 574 0
c 1 575 0
c 1 577 2
c 1 584 0
c 1 585 0
c 1 587 0
c 1 588 0
c 1 590 0
c 1 591 0
c 1 592 0
c 1 593 0
c 1 594 0
c 1 595 0
c 1 596 0
c 1 597 0
c 1 599 2
c 1 604 2
c 1 605 2
c 1 606 2
c 1 607 2
c 1 608 2
c 1 609 2
c 1 610 2
c 1 611 2
c 1 612 2
c 1 613 2
c 1 614 2
c 1 615 2
c 1 616 2
c 1 617 2
c 1 618 2
c 1 619 2
c 1 620 2
c 1 621 2
c 1 622 2
c 1 623 2
c 1 630 2
c 1 631 2
c 1 632 2
c 1 635 2
c 1 637 0
c 1 638 0
c 1 639 0
c 1 640 0
c 1 641 0
c 1 642 0
c 1 643 0
c 1 644 0
c 1 647 0
c 1 651 2
c 1 652 2
c 1 653 2
c 1 654 2
c 1 655 2
c 1 656 2
c 1 657 2
c 1 661 0
c 1 662 0
c 1 663 0
c 1 664 0
c 1 666 0
c 1 667 0
c 1 668 0
c 1 669 0
c 1 670 0
c 1 671 0
c 1 672 0
c 1 673 0
c 1 674 2
c 1 676 0
c 1 678 0
c 1 679 0
c 1 680 0
c 1 681 0
c 1 682 0
c 1 683 0
c 1 684 0
c 1 685 0
c 1 686 0
c 1 687 0
c 1 688 0
c 1 690 0
c 1 691 0
c 1 693 0
c 1 702 2
c 1 703 2
c 1 704 2
c 1 705 2
c 1 706 2
c 1 707 2
c 1 708 2
c 1 709 2
c 1 710 2
c 1 711 2
c 1 714 2
c 1 732 0
c 1 735 0
c 1 738 0
c 1 739 0
c 1 740 0
c 1 741 0
c 1 742 0
c 1 743 0
c 1 744 0
c 1 750 0
c 1 751 0
c 1 766 2
c 1 780 2
c 1 782 2
c 1 783 2
c 1 784 2
c 1 785 2
c 1 790 2
c 1 791 2
c 1 792 2
c 1 793 2
c 1 794 2
c 1 795 2
c 1 796 2
c 1 797 2
c 1 798 2
c 1 799 2
c 1 800 2
c 1 801 2
c 1 802 2
c 1 803 2
c 1 804 2
c 1 805 2
c 1 806 2
c 1 807 2
c 1 828 0
c 1 829 0
c 1 830 0
c 1 831 0
c 1 832 0
c 1 833 0
c 1 834 0
c 1 835 0
c 1 836 0
c 1 837 0
c 1 838 0
c 1 839 0
c 1 840 0
c 1 841 0
c 1 842 0
c 1 843 0
c 1 844 0
c 1 845 0
c 1 846 0
c 1 847 0
c 1 848 2
c 1 849 2
c 1 850 0
c 1 851 0
c 1 852 0
c 1 853 0
c 1 860 2
c 1 861 2
c 1 864 2
c 1 866 2
c 1 868 2
c 1 870 2
c 1 879 2
c 1 880 2
c 1 881 2
c 1 882 2
c 1 883 2
c 1 884 2
c 1 885 2
c 1 889 2
c 1 890 2
c 1 891 2
c 1 892 2
c 1 893 2
c 1 894 2
c 1 895 2
c 1 896 2
c 1 897 2
c 1 898 2
c 1 899 2
c 1 900 2
c 1 901 2
c 1 920 0
c 1 921 0
c 1 922 0
c 1 923 0
c 1 924 0
c 1 925 0
c 1 926 0
c 1 927 0
c 1 928 0
c 1 929 0
c 1 930 0
c 1 931 0
c 1 935 0
c 1 942 2
c 1 943 2
c 1 944 2
c 1 945 2
c 1 946 2
c 1 947 2
c 1 966 2
c 1 971 2
c 1 974 2
c 1 981 2
c 1 982 2
c 1 983 2
c 1 995 2
c 1 1016 0
c 1 1018 0
c 1 1019 0
c 1 1020 0
c 1 1021 0
c 1 1022 0
c 1 1023 0
c 1 1024 0
c 1 1025 0
c 1 1026 0
c 1 1027 0
c 1 1028 0
c 1 1029 0
c 1 1030 0
c 1 1031 0
c 1 1032 0
c 1 1033 0
c 1 1034 0
c 1 1035 0
c 1 1037 0
c 1 1040 2
c 1 1046 0
c 1 1052 2
c 1 1053 0
c 1 1054 2
c 1 1055 2
c 1 1056 0
c 1 1057 0
c 1 1059 2
c 1 1060 2
c 1 1063 2
c 1 1066 2
c 1 1069 2
c 1 1073 0
c 1 1085 2
c 1 1086 2
c 1 1087 2
c 1 1093 2
c 1 1095 2
c 1 1102 0
c 1 1103 0
c 1 1104 0
c 1 1105 0
c 1 1111 2
c 1 1114 0
c 1 1115 0
c 1 1116 0
c 1 1117 0
c 1 1119 0
c 1 1120 0
c 1 1121 0
c 1 1123 0
c 1 1124 0
c 1 1125 0
c 1 1126 0
c 1 1127 0
c 1 1128 0
c 1 1129 0
c 1 1134 2
c 1 1135 2
c 1 1138 2
c 1 1139 2
c 1 1140 2
c 1 1146 2
c 1 1147 2
c 1 1148 2
c 1 1149 2
c 1 1150 2
c 1 1152 2
c 1 1153 2
c 1 1154 2
c 1 1155 2
c 1 1162 0
c 1 1165 0
c 1 1166 0
c 1 1167 0
c 1 1168 2
c 1 1171 0
c 1 1172 2
c 1 1174 0
c 1 1176 0
c 1 1177 0
c 1 1184 2
c 1 1185 2
c 1 1186 2
c 1 1187 2
c 1 1188 2
c 1 1189 2
c 1 1190 2
c 1 1191 2
c 1 1196 2
c 1 1204 2
c 1 1205 2
c 1 1206 2
c 1 1217 2
c 1 1224 2
c 1 1225 2
c 1 1226 2
c 1 1228 2
c 1 1229 2
c 1 1251 0
c 1 1253 0
c 1 1254 0
c 1 1255 0
c 1 1256 0
c 1 1257 0
c 1 1260 0
c 1 1263 0
c 1 1264 0
c 1 1265 0
c 1 1266 0
c 1 1271 0
c 1 1276 2
c 1 1277 2
c 1 1278 2
c 1 1279 2
c 1 1280 2
c 1 1281 2
c 1 1282 2
c 1 1283 2
c 1 1284 2
c 1 1285 2
c 1 1286 2
c 1 1287 2
c 1 1288 2
c 1 1290 2
c 1 1311 0
c 1 1313 0
c 1 1315 0
c 1 1317 0
c 1 1318 0
c 1 1319 0
c 1 1320 0
c 1 1321 0
c 1 1322 2
c 1 1323 0
c 1 1324 0
c 1 1325 0
c 1 1326 0
c 1 1327 0
c 1 1328 0
c 1 1330 0
c 1 1331 0
c 1 1332 2
c 1 1335 0
c 1 1336 0
c 1 1337 0
c 1 1338 0
c 1 1339 0
c 1 1340 0
c 1 1342 0
c 1 1343 0
c 1 1346 0
c 1 1347 0
c 1 1350 0
c 1 1351 0
c 1 1352 0
c 1 1353 0
c 1 1362 2
c 1 1363 2
c 1 1367 2
c 1 1368 2
c 1 1369 2
c 1 1372 2
c 1 1374 2
c 1 1375 2
c 1 1376 2
c 1 1377 2
c 1 1378 2
c 1 1379 2
c 1 1381 2
c 1 1386 2
c 1 1395 2
c 1 1397 2
c 1 1401 2
c 1 1403 0
c 1 1404 0
c 1 1405 0
c 1 1406 0
c 1 1407 0
c 1 1408 0
c 1 1409 0
c 1 1410 0
c 1 1411 0
c 1 1412 0
c 1 1413 0
c 1 1414 0
c 1 1415 0
c 1 1416 0
c 1 1417 0
c 1 1418 0
c 1 1419 0
c 1 1425 2
c 1 1428 0
c 1 1430 2
c 1 1434 0
c 1 1435 2
c 1 1437 2
c 1 1438 2
c 1 1440 0
c 1 1441 2
c 1 1442 0
c 1 1446 0
c 1 1452 2
c 1 1454 2
c 1 1455 2
c 1 1456 0
c 1 1457 0
c 1 1460 2
c 1 1461 2
c 1 1462 2
c 1 1463 0
c 1 1466 0
c 1 1467 0
c 1 1468 0
c 1 1469 0
c 1 1473 2
c 1 1475 2
c 1 1476 2
c 1 1477 2
c 1 1478 2
c 1 1479 2
c 1 1486 0
c 1 1487 0
c 1 1490 0
c 1 1491 0
c 1 1508 0
c 1 1525 0
c 1 1566 2
c 1 1567 2
c 1 1568 2
c 1 1569 2
c 1 1570 2
c 1 1571 2
c 1 1582 0
c 1 1583 0
c 1 1584 2
c 1 1585 2
c 1 1598 2
c 1 1599 2
c 1 1601 2
c 1 1602 2
c 1 1603 2
c 1 1613 2
c 1 1615 2
c 1 1616 2
c 1 1617 2
c 1 1618 2
c 1 1620 0
c 1 1622 0
c 1 1625 0
c 1 1626 0
c 1 1627 0
c 1 1628 0
c 1 1634 0
c 1 1652 2
c 1 1653 2
c 1 1654 2
c 1 1655 2
c 1 1656 2
c 1 1657 2
c 1 1658 2
c 1 1659 2
c 1 1660 2
c 1 1661 2
c 1 1662 2
c 1 1663 2
c 1 1664 2
c 1 1666 2
c 1 1667 2
c 1 1668 2
c 1 1669 2
c 1 1686 2
c 1 1687 2
c 1 1694 0
c 1 1696 0
c 1 1698 0
c 1 1699 0
c 1 1700 0
c 1 1701 0
c 1 1702 0
c 1 1703 0
c 1 1705 0
c 1 1709 0
c 1 1714 0
c 1 1716 0
c 1 1717 0
c 1 1721 0
c 1 1722 0
c 1 1725 0
c 1 1728 0
c 1 1729 0
c 1 1732 0
c 1 1733 0
c 1 1734 0
c 1 1746 2
c 1 1747 2
c 1 1749 2
c 1 1750 2
c 1 1751 2
c 1 1752 2
c 1 1753 2
c 1 1754 2
c 1 1755 2
c 1 1757 2
c 1 1758 2
c 1 1759 2
c 1 1761 2
c 1 1762 2
c 1 1763 2
c 1 1764 2
c 1 1765 2
c 1 1772 2
c 1 1773 2
c 1 1780 2
c 1 1781 2
c 1 1818 0
c 1 1822 0
c 1 1824 0
c 1 1828 0
c 1 1829 0
c 1 1834 2
c 1 1835 2
c 1 1836 0
c 1 1837 0
c 1 1838 2
c 1 1839 2
c 1 1840 0
c 1 1841 0
c 1 1842 0
c 1 1843 0
c 1 1848 0
c 1 1849 0
c 1 1850 0
c 1 1851 0
c 1 1854 2
c 1 1855 2
c 1 1857 2
c 1 1872 2
c 1 1873 2
c 1 1892 0
c 1 1893 0
c 1 1894 0
c 1 1895 0
c 1 1896 0
c 1 1897 0
c 1 1898 0
c 1 1899 0
c 1 1900 0
c 1 1901 0
c 1 1903 0
c 1 1904 0
c 1 1905 0
c 1 1906 0
c 1 1914 0
c 1 1933 2
c 1 1934 2
c 1 1935 2
c 1 1939 2
c 1 1941 2
c 1 1943 2
c 1 1944 2
c 1 1945 2
c 1 1946 2
c 1 1950 2
c 1 1951 2
c 1 1952 2
c 1 1953 2
c 1 1954 2
c 1 1955 2
c 1 1958 2
c 1 1959 2
c 1 1962 2
c 1 1963 2
c 1 1972 2
c 1 1973 2
c 1 1982 0
c 1 1996 0
c 1 1997 0
c 1 1998 0
c 1 1999 0
c 1 2000 0
c 1 2001 0
c 1 2002 0
c 1 2003 0
c 1 2004 0
c 1 2005 0
c 1 2006 0
c 1 2007 0
c 1 2010 0
c 1 2011 0
c 1 2012 0
c 1 2013 0
c 1 2014 0
c 1 2015 0
c 1 2016 0
c 1 2017 0
c 1 2018 0
c 1 2019 0
c 1 2020 0
c 1 2021 0
c 1 2022 0
c 1 2023 0
c 1 2024 0
c 1 2042 2
c 1 2043 2
c 1 2044 2
c 1 2045 2
c 1 2046 2
c 1 2047 2
c 1 2048 2
c 1 2049 2
c 1 2050 2
c 1 2051 2
c 1 2052 2
c 1 2053 2
c 1 2054 2
c 1 2055 2
c 1 2056 2
c 1 2059 2
c 1 2060 2
c 1 2061 2
c 1 2062 2
c 1 2063 2
c 1 2064 2
c 1 2065 2
c 1 2066 2
c 1 2067 2
c 1 2068 2
c 1 2069 2
c 1 2070 2
c 1 2071 2
c 1 2074 0
c 1 2075 0
c 1 2076 0
c 1 2077 0
c 1 2078 0
c 1 2079 0
c 1 2080 0
c 1 2081 0
c 1 2082 0
c 1 2083 0
c 1 2084 0
c 1 2085 0
c 1 2092 2
c 1 2094 2
c 1 2095 2
c 1 2096 2
c 1 2097 2
c 1 2098 2
c 1 2099 2
c 1 2100 0
c 1 2101 0
c 1 2106 0
c 1 2109 0
c 1 2110 0
c 1 2114 0
c 1 2115 0
c 1 2117 0
c 1 2118 0
c 1 2119 0
c 1 2120 2
c 1 2121 2
c 1 2122 0
c 1 2123 0
c 1 2127 0
c 1 2130 0
c 1 2131 0
c 1 2132 0
c 1 2133 0
c 1 2134 0
c 1 2135 0
c 1 2136 0
c 1 2137 0
c 1 2168 2
c 1 2170 2
c 1 2174 2
c 1 2185 2
c 1 2186 2
c 1 2188 2
c 1 2189 2
c 1 2190 2
c 1 2191 2
c 1 2192 2
c 1 2193 2
c 1 2194 2
c 1 2195 2
c 1 2205 0
c 1 2206 0
c 1 2207 0
c 1 2212 0
c 1 2213 0
c 1 2215 0
c 1 2216 0
c 1 2217 0
c 1 2218 0
c 1 2221 0
c 1 2222 0
c 1 2223 0
c 1 2224 0
c 1 2225 0
c 1 2226 0
c 1 2227 0
c 1 2229 0
c 1 2241 2
c 1 2242 2
c 1 2243 2
c 1 2244 2
c 1 2245 2
c 1 2246 2
c 1 2247 2
c 1 2260 2
c 1 2262 2
c 1 2263 2
c 1 2293 0
c 1 2298 0
c 1 2299 0
c 1 2300 0
c 1 2301 0
c 1 2303 0
c 1 2308 0
c 1 2309 0
c 1 2310 0
c 1 2311 0
c 1 2332 2
c 1 2333 2
c 1 2334 2
c 1 2335 2
c 1 2336 2
c 1 2337 2
c 1 2338 2
c 1 2339 2
c 1 2340 2
c 1 2341 2
c 1 2342 2
c 1 2346 0
c 1 2356 2
c 1 2357 2
c 1 2358 2
c 1 2359 2
c 1 2360 2
c 1 2361 2
c 1 2362 2
c 1 2363 2
c 1 2364 2
c 1 2365 2
c 1 2366 2
c 1 2367 2
c 1 2371 2
c 1 2372 2
c 1 2401 0
c 1 2403 0
c 1 2404 0
c 1 2411 2
c 1 2426 0
c 1 2427 0
c 1 2430 2
c 1 2431 2
c 1 2432 2
c 1 2433 2
c 1 2434 2
c 1 2435 2
c 1 2436 2
c 1 2437 2
c 1 2458 0
c 1 2460 0
c 1 2461 0
c 1 2462 0
c 1 2463 0
c 1 2464 0
c 1 2465 0
c 1 2466 0
c 1 2467 0
c 1 2468 0
c 1 2469 0
c 1 2470 0
c 1 2471 0
c 1 2481 0
c 1 2482 0
c 1 2484 0
c 1 2485 0
c 1 2490 0
c 1 2494 0
c 1 2495 0
c 1 2497 0
c 1 2500 0
c 1 2501 0
c 1 2503 0
c 1 2512 2
c 1 2518 2
c 1 2519 2
c 1 2520 2
c 1 2521 2
c 1 2523 2
c 1 2524 2
c 1 2525 2
c 1 2526 2
c 1 2527 2
c 1 2528 2
c 1 2529 2
c 1 2530 2
c 1 2531 2
c 1 2532 2
c 1 2533 2
c 1 2534 2
c 1 2535 2
c 1 2536 2
c 1 2537 2
c 1 2538 2
c 1 2539 2
c 1 2544 2
c 1 2545 2
c 1 2564 0
c 1 2565 0
c 1 2567 0
c 1 2571 0
c 1 2575 0
c 1 2577 0
c 1 2578 0
c 1 2582 0
c 1 2583 0
c 1 2587 2
c 1 2592 0
c 1 2593 0
c 1 2595 0
c 1 2601 2
c 1 2602 0
c 1 2603 0
c 1 2606 2
c 1 2607 2
c 1 2608 2
c 1 2609 2
c 1 2610 2
c 1 2611 2
c 1 2612 0
c 1 2613 0
c 1 2614 2
c 1 2615 2
c 1 2616 2
c 1 2617 2
c 1 2622 2
c 1 2623 2
c 1 2624 2
c 1 2625 2
c 1 2628 0
c 1 2629 0
c 1 2630 2
c 1 2631 2
c 1 2633 0
c 1 2637 2
c 1 2660 0
c 1 2661 0
c 1 2662 0
c 1 2663 0
c 1 2664 2
c 1 2665 2
c 1 2666 0
c 1 2667 0
c 1 2668 0
c 1 2669 0
c 1 2670 2
c 1 2671 2
c 1 2672 2
c 1 2673 2
c 1 2674 2
c 1 2678 0
c 1 2679 0
c 1 2680 0
c 1 2681 0
c 1 2682 2
c 1 2683 0
c 1 2684 0
c 1 2685 0
c 1 2686 0
c 1 2687 0
c 1 2688 0
c 1 2689 0
c 1 2690 0
c 1 2691 0
c 1 2692 0
c 1 2693 0
c 1 2694 0
c 1 2695 0
c 1 2696 0
c 1 2697 0
c 1 2698 0
c 1 2699 0
c 1 2700 0
c 1 2701 0
c 1 2702 0
c 1 2703 0
c 1 2704 0
c 1 2705 0
c 1 2707 0
c 1 2720 2
c 1 2721 2
c 1 2722 2
c 1 2723 2
c 1 2724 2
c 1 2726 2
c 1 2727 2
c 1 2728 2
c 1 2729 2
c 1 2741 2
c 1 2743 2
c 1 2744 2
c 1 2746 2
c 1 2747 2
c 1 2766 2
c 1 2795 0
c 1 2799 0
c 1 2810 2
c 1 2812 2
c 1 2813 2
c 1 2815 2
c 1 2816 2
c 1 2817 2
c 1 2818 2
c 1 2819 2
c 1 2820 2
c 1 2821 2
c 1 2822 2
c 1 2823 2
c 1 2824 2
c 1 2825 2
c 1 2833 2
c 1 2851 0
c 1 2861 2
c 1 2874 0
c 1 2875 0
c 1 2876 2
c 1 2877 2
c 1 2878 0
c 1 2879 0
